1;ISS (ZARYA);6546.646927;-632.741144;-1957.574102;4.320372;4.834896;7.434742
6;SOYUZ-MS 28;6506.888033;-620.868354;-1952.429276;2.299261;4.878157;5.658742
9;UITMSAT-2;935.728764;4228.031016;5239.186960;-1.715041;4.677151;1.159046
2;POISK;6484.152718;-639.790805;-1950.171284;4.502630;5.228532;8.373171
12;CREW DRAGON 12;6519.519462;-646.022784;-1950.607212;2.712006;6.324487;7.425870
11;HMU-SAT2;-5742.407614;-2329.758442;-2623.342481;9.575957;0.208292;-2.947773
4;HRC MONOBLOCK CAMERA;-6637.398690;1015.129848;-228.845269;3.579832;-0.387213;-2.762116
8;ISS OBJECT XY;-3008.684340;4182.820509;4260.325866;-6.204620;-1.100737;-3.205384
6;SOYUZ-MS 28;6499.080192;-590.725886;-1934.167954;3.275222;5.643296;7.148628
14;CYGNUS NG-24;6540.310516;-631.369864;-1952.251692;4.063096;5.398863;6.678369
5;SZ-21 MODULE;2905.441473;-4117.851541;-4417.712108;6.398265;4.295509;0.135985
4;HRC MONOBLOCK CAMERA;-6638.950986;1019.563995;-227.915039;1.455045;-2.926504;-4.331285
14;CYGNUS NG-24;6491.847983;-625.815936;-1900.255051;3.717945;4.811844;8.115051
8;ISS OBJECT XY;-2968.931546;4182.344356;4256.536439;-4.789303;0.461013;-3.312627
6;SOYUZ-MS 28;6506.175491;-621.370042;-1935.166161;2.388022;4.841680;5.784980
6;SOYUZ-MS 28;6482.075970;-645.876727;-1961.865769;2.966692;7.042989;5.852611
3;ISS (NAUKA);6490.779389;-638.439636;-1953.232295;7.173607;9.483240;5.717073
1;ISS (ZARYA);6488.137846;-622.059951;-1935.498671;7.617955;6.356121;10.638310
4;HRC MONOBLOCK CAMERA;-6629.578720;1037.544688;-250.585330;3.194807;-1.327876;-2.827652
13;PROGRESS-MS 33;6491.354559;-637.745789;-1959.739669;3.628557;7.353427;8.719318
6;SOYUZ-MS 28;6509.980028;-642.175709;-1933.590780;5.803753;8.356195;7.388256
4;HRC MONOBLOCK CAMERA;-6649.812874;1006.125417;-259.677930;4.119735;-2.391419;-1.636895
5;SZ-21 MODULE;2883.469033;-4107.793846;-4430.828193;9.453858;7.654372;1.115492
9;UITMSAT-2;934.540820;4206.587158;5234.252773;-2.770230;2.740392;1.914172
8;ISS OBJECT XY;-2990.566078;4178.514133;4275.048987;-6.642818;-1.227868;-0.233126
4;HRC MONOBLOCK CAMERA;-6618.801606;1033.157953;-259.709319;3.157594;-2.895967;-2.316978
12;CREW DRAGON 12;6485.940008;-618.724600;-1923.799337;4.319696;7.357795;8.347806
2;POISK;6488.011395;-641.208934;-1956.781526;2.177691;5.484198;6.142203
5;SZ-21 MODULE;2905.441473;-4117.851541;-4417.712108;6.398265;4.295509;0.135985
5;SZ-21 MODULE;2868.658299;-4112.834008;-4392.462631;7.292724;4.561174;0.174797
7;DUPLEX;-3620.503163;3594.771334;4441.556588;-4.664425;0.149062;-2.100182
5;SZ-21 MODULE;2884.435064;-4129.875188;-4441.367190;8.183340;5.016783;0.966028
7;DUPLEX;-3597.568434;3583.401515;4455.621620;-4.744011;-1.128833;-2.698493
8;ISS OBJECT XY;-2976.066493;4196.394527;4288.751677;-5.907419;2.311587;1.159797
9;UITMSAT-2;923.167526;4197.444950;5229.931270;-7.311796;0.573149;1.176343
16;DRAGON CRS-34;6515.535376;-618.151655;-1921.409060;5.416322;7.795354;6.855126
1;ISS (ZARYA);6527.332833;-609.861169;-1943.007239;4.896424;5.618879;5.669893
5;SZ-21 MODULE;2891.855676;-4105.421609;-4436.054301;8.232756;9.458510;2.853485
2;POISK;6521.577895;-600.299955;-1959.043436;3.555136;8.876119;9.572046
14;CYGNUS NG-24;6498.852479;-642.474357;-1946.115881;4.039823;6.713906;9.969697
5;SZ-21 MODULE;2907.195557;-4111.801877;-4418.124409;9.997459;7.895025;4.359954
3;ISS (NAUKA);6482.984202;-644.984267;-1920.380150;2.519846;5.583766;6.801991
4;HRC MONOBLOCK CAMERA;-6591.874259;1019.495612;-237.532730;1.124658;-4.041781;-5.194697
11;HMU-SAT2;-5751.631253;-2321.909726;-2639.638067;5.924682;-0.832577;-4.543893
6;SOYUZ-MS 28;6483.182581;-634.961410;-1955.289602;3.041875;6.636544;6.572619
6;SOYUZ-MS 28;6511.757267;-630.156984;-1945.286330;5.639318;7.534689;6.357828
10;LEOPARD;-6725.904439;-175.978039;191.417412;1.942076;-2.540145;-2.461866
6;SOYUZ-MS 28;6498.798635;-641.712542;-1959.330078;2.830221;5.922362;7.096468
14;CYGNUS NG-24;6506.589882;-629.080039;-1940.132817;3.389616;7.172777;7.603758
2;POISK;6485.685965;-619.060425;-1930.625004;5.573354;7.641723;10.944257
5;SZ-21 MODULE;2873.796803;-4139.852189;-4444.595395;6.504209;4.390585;0.855117
5;SZ-21 MODULE;2884.435064;-4129.875188;-4441.367190;8.183340;5.016783;0.966028
7;DUPLEX;-3614.877550;3592.914730;4436.639813;-4.929320;-1.045157;-2.482882
5;SZ-21 MODULE;2892.453150;-4089.311526;-4418.991958;6.494103;5.119823;2.062762
4;HRC MONOBLOCK CAMERA;-6637.398690;1015.129848;-228.845269;3.579832;-0.387213;-2.762116
3;ISS (NAUKA);6530.435829;-643.209891;-1958.560876;2.742784;8.060805;9.783595
8;ISS OBJECT XY;-2998.907644;4213.482114;4260.512726;-0.722771;0.249076;-0.508335
5;SZ-21 MODULE;2906.960481;-4119.987955;-4443.618428;6.740259;8.565979;3.545219
4;HRC MONOBLOCK CAMERA;-6622.315855;1065.796744;-255.024459;0.489015;-2.956566;-2.947186
7;DUPLEX;-3623.982688;3591.189179;4431.364048;-5.111070;-1.897776;-2.507104
14;CYGNUS NG-24;6506.589882;-629.080039;-1940.132817;3.389616;7.172777;7.603758
2;POISK;6486.666738;-645.244389;-1954.156570;4.130811;5.055360;5.838368
3;ISS (NAUKA);6516.068617;-633.785859;-1909.388787;4.694375;8.416306;6.316471
2;POISK;6485.196648;-642.773469;-1959.599879;2.267145;4.810394;5.740406
9;UITMSAT-2;900.598361;4192.885240;5229.087286;-2.905445;0.865419;5.267857
3;ISS (NAUKA);6530.435829;-643.209891;-1958.560876;2.742784;8.060805;9.783595
11;HMU-SAT2;-5751.564398;-2327.000143;-2582.855888;7.719343;0.090301;-4.938560
6;SOYUZ-MS 28;6484.318632;-644.558591;-1956.489783;2.773049;6.010172;7.019208
7;DUPLEX;-3630.138454;3611.552480;4462.922087;-4.544482;-2.253514;0.317311
7;DUPLEX;-3630.138454;3611.552480;4462.922087;-4.544482;-2.253514;0.317311
3;ISS (NAUKA);6530.435829;-643.209891;-1958.560876;2.742784;8.060805;9.783595
1;ISS (ZARYA);6527.425361;-628.619251;-1955.418142;2.763423;4.978535;6.062858
7;DUPLEX;-3623.682723;3605.305884;4459.436377;-4.408252;-2.318786;-2.248638
2;POISK;6520.854288;-638.346602;-1938.536497;2.403275;5.274396;7.162329
7;DUPLEX;-3605.071098;3607.053353;4433.855005;-5.743917;-0.170376;-2.829344
8;ISS OBJECT XY;-3017.349519;4178.334510;4252.740049;-3.607619;4.191459;-1.127700
5;SZ-21 MODULE;2869.857219;-4140.120362;-4444.733728;9.125417;4.448766;2.130247
11;HMU-SAT2;-5741.890973;-2331.290832;-2638.265821;4.060422;-3.751781;-5.105937
12;CREW DRAGON 12;6486.065729;-625.162493;-1935.704189;2.167040;5.805185;6.435389
5;SZ-21 MODULE;2871.076190;-4131.917415;-4390.477680;8.113588;5.575876;2.279291
5;SZ-21 MODULE;2909.110182;-4131.874918;-4416.807763;9.049310;5.666153;4.430231
5;SZ-21 MODULE;2871.478187;-4138.383957;-4433.239912;8.392892;6.253981;2.384734
3;ISS (NAUKA);6507.578693;-609.172789;-1950.660432;4.735779;8.470260;7.321930
12;CREW DRAGON 12;6492.813653;-644.537471;-1938.727522;2.160658;4.867186;5.596213
11;HMU-SAT2;-5764.084057;-2315.304789;-2632.835253;5.560738;-1.112044;-2.727783
4;HRC MONOBLOCK CAMERA;-6638.544979;1034.206803;-260.183702;4.048239;-3.060308;-4.862084
11;HMU-SAT2;-5763.237526;-2322.286300;-2627.202561;8.640390;-0.538132;-0.977187
3;ISS (NAUKA);6503.439733;-644.023390;-1948.984655;3.191154;6.603353;6.813071
8;ISS OBJECT XY;-2977.915641;4214.987281;4279.662066;-6.355631;4.033364;2.044911
2;POISK;6521.577895;-600.299955;-1959.043436;3.555136;8.876119;9.572046
5;SZ-21 MODULE;2882.016558;-4128.544365;-4440.935459;8.627003;4.846979;0.509245
4;HRC MONOBLOCK CAMERA;-6600.087417;1035.318732;-229.718673;0.168070;-3.411557;-4.746153
2;POISK;6488.139989;-641.510189;-1957.774970;5.585030;5.278188;9.448181
5;SZ-21 MODULE;2919.036453;-4134.192253;-4420.843412;7.151560;4.987562;0.377955
1;ISS (ZARYA);6523.943898;-602.381838;-1940.666470;8.505754;4.987870;8.506897
11;HMU-SAT2;-5761.596294;-2313.143141;-2639.502734;4.745067;-3.238841;1.344262
9;UITMSAT-2;934.540820;4206.587158;5234.252773;-2.770230;2.740392;1.914172
8;ISS OBJECT XY;-3016.725086;4179.010925;4253.323002;-4.240565;2.052780;-0.883098
7;DUPLEX;-3589.472166;3626.932733;4440.752481;-2.957421;-0.100409;2.247575
11;HMU-SAT2;-5754.323606;-2321.627384;-2626.579431;7.382621;1.259415;-3.372663
4;HRC MONOBLOCK CAMERA;-6629.114426;1027.005038;-258.444735;0.955842;-3.920933;-4.935041
2;POISK;6506.046873;-623.993344;-1959.849358;2.160393;5.638072;7.357245
12;CREW DRAGON 12;6517.801722;-644.943481;-1952.323309;7.237973;5.528362;8.395631
7;DUPLEX;-3596.924776;3587.681057;4461.419852;-5.861067;-0.462387;-2.177274
8;ISS OBJECT XY;-2997.574827;4185.266898;4277.948767;-6.744350;-1.168184;-3.415091
5;SZ-21 MODULE;2881.564899;-4133.615871;-4431.829619;10.303847;5.587760;3.727229
7;DUPLEX;-3605.519707;3611.692470;4433.900606;-4.402317;-0.850577;-2.806091
2;POISK;6500.636934;-638.366937;-1939.164880;7.722223;5.619738;8.489447
4;HRC MONOBLOCK CAMERA;-6628.686732;1009.935336;-238.306390;1.613473;-2.620074;-3.499780
9;UITMSAT-2;908.210409;4200.040554;5241.332046;-5.022351;3.075693;2.297876
9;UITMSAT-2;928.897098;4215.358116;5243.750777;-6.772672;1.210869;1.321941
6;SOYUZ-MS 28;6482.075970;-645.876727;-1961.865769;2.966692;7.042989;5.852611
11;HMU-SAT2;-5735.919263;-2293.419979;-2633.932114;7.275149;-0.973654;-3.889683
9;UITMSAT-2;917.198027;4183.570953;5266.238666;-5.753375;4.670499;4.873023
5;SZ-21 MODULE;2887.355201;-4122.439827;-4405.657312;6.545211;4.361151;0.229692
1;ISS (ZARYA);6538.537859;-626.177961;-1930.782537;2.325610;4.843960;6.889612
10;LEOPARD;-6739.866844;-222.659804;184.951039;2.877223;0.609181;-1.531773
3;ISS (NAUKA);6507.802081;-625.295454;-1943.304145;3.147480;7.426335;5.654642
12;CREW DRAGON 12;6484.877957;-635.900489;-1947.726002;2.891636;10.687584;5.851947
9;UITMSAT-2;950.081406;4188.452356;5230.046514;-0.407774;2.595917;0.983238
5;SZ-21 MODULE;2912.479322;-4139.237486;-4401.901133;11.409257;8.414690;2.728559
8;ISS OBJECT XY;-2990.566078;4178.514133;4275.048987;-6.642818;-1.227868;-0.233126
10;LEOPARD;-6755.266137;-224.865086;199.019279;0.338408;-2.341189;-2.784577
1;ISS (ZARYA);6494.892874;-630.063290;-1926.551035;6.337889;6.572372;10.213858
5;SZ-21 MODULE;2873.887186;-4134.159496;-4447.720375;10.527100;6.512241;4.931628
2;POISK;6494.455798;-631.805072;-1948.106466;5.778372;4.865744;10.092051
1;ISS (ZARYA);6481.760667;-638.715728;-1936.747702;4.276636;5.918871;6.523081
5;SZ-21 MODULE;2880.334655;-4138.659495;-4431.012376;7.204449;5.536886;0.765511
5;SZ-21 MODULE;2877.714633;-4133.389655;-4442.062222;6.500416;5.197488;0.332316
1;ISS (ZARYA);6511.258923;-625.142660;-1953.759885;3.582498;5.696904;6.931914
13;PROGRESS-MS 33;6518.706092;-614.327361;-1951.418038;8.322211;5.658426;8.566209
4;HRC MONOBLOCK CAMERA;-6650.003742;1020.804707;-239.541884;5.253992;-4.069841;-1.298181
11;HMU-SAT2;-5743.280901;-2315.344033;-2640.116211;5.609775;0.139891;-0.650589
3;ISS (NAUKA);6492.252348;-629.165081;-1942.791585;4.812771;6.778049;5.806048
2;POISK;6483.711978;-644.669380;-1962.108017;2.456558;5.310396;6.667474
7;DUPLEX;-3628.616937;3588.814664;4426.933391;-3.242623;-1.551787;-0.364295
10;LEOPARD;-6746.299962;-215.727576;188.496101;0.292294;-4.435559;-3.302182
15;PROGRESS-MS 34;6497.892053;-626.094310;-1929.427434;3.929442;7.159859;8.867970
9;UITMSAT-2;929.967209;4214.889753;5261.609450;-6.563612;1.707537;1.208663
3;ISS (NAUKA);6485.991873;-645.510174;-1952.712094;3.049581;5.720350;6.841223
10;LEOPARD;-6736.285802;-215.193513;202.508765;0.005523;-4.694959;-5.875430
9;UITMSAT-2;957.639953;4198.937276;5239.265532;-6.451142;5.701876;3.237770
4;HRC MONOBLOCK CAMERA;-6632.566921;1018.342486;-234.916219;4.049076;1.100194;-4.079734
1;ISS (ZARYA);6481.871041;-645.856391;-1961.988744;2.920431;10.042753;6.336726
6;SOYUZ-MS 28;6529.009787;-637.089924;-1937.853805;2.529712;5.094328;6.246434
4;HRC MONOBLOCK CAMERA;-6637.562539;1012.398611;-247.881809;0.623340;1.848560;-3.850813
1;ISS (ZARYA);6506.191205;-613.686471;-1940.246260;2.872401;6.451157;6.763624
8;ISS OBJECT XY;-2980.928139;4215.078302;4293.585533;-4.575663;1.693645;-1.875856
3;ISS (NAUKA);6507.467954;-610.153495;-1952.481267;2.399902;9.436109;7.048112
12;CREW DRAGON 12;6482.800237;-641.185859;-1961.869321;2.312581;6.738507;7.157387
5;SZ-21 MODULE;2868.658299;-4112.834008;-4392.462631;7.292724;4.561174;0.174797
4;HRC MONOBLOCK CAMERA;-6641.095668;1009.237535;-255.512720;3.867772;-1.434829;-4.141512
2;POISK;6499.308300;-608.963139;-1949.662253;3.953976;5.383069;9.635095
5;SZ-21 MODULE;2887.355201;-4122.439827;-4405.657312;6.545211;4.361151;0.229692
15;PROGRESS-MS 34;6484.505134;-602.952949;-1957.162638;4.460667;7.318144;8.147282
4;HRC MONOBLOCK CAMERA;-6640.274830;1014.963064;-257.047257;3.290472;-4.308880;-1.696085
11;HMU-SAT2;-5745.188788;-2294.444899;-2629.507005;5.420589;-3.803731;-3.667564
5;SZ-21 MODULE;2870.470045;-4132.649866;-4442.369562;8.897746;6.318528;0.434834
3;ISS (NAUKA);6483.464688;-629.333870;-1945.416548;6.914478;7.282186;6.994874
7;DUPLEX;-3597.568434;3583.401515;4455.621620;-4.744011;-1.128833;-2.698493
3;ISS (NAUKA);6520.650612;-644.651946;-1940.491842;2.760113;5.152508;6.230972
11;HMU-SAT2;-5764.084057;-2315.304789;-2632.835253;5.560738;-1.112044;-2.727783
3;ISS (NAUKA);6489.348527;-615.268009;-1932.451366;7.066452;6.188523;11.002007
5;SZ-21 MODULE;2908.145536;-4127.507586;-4411.702082;6.515937;4.507134;0.315681
9;UITMSAT-2;910.878399;4174.902431;5227.574062;-7.316570;1.237365;2.163679
7;DUPLEX;-3614.877550;3592.914730;4436.639813;-4.929320;-1.045157;-2.482882
3;ISS (NAUKA);6503.807955;-614.740994;-1937.120615;4.376171;7.599603;7.651842
1;ISS (ZARYA);6498.406659;-620.060219;-1938.067049;2.435555;6.435106;7.740223
6;SOYUZ-MS 28;6537.931229;-635.783182;-1952.987730;2.523746;5.106086;6.103381
4;HRC MONOBLOCK CAMERA;-6650.550797;1007.449985;-259.467398;-0.356615;-4.680821;-4.980055
4;HRC MONOBLOCK CAMERA;-6647.634301;1035.904079;-253.615307;0.460909;-2.647490;-4.399228
3;ISS (NAUKA);6507.578693;-609.172789;-1950.660432;4.735779;8.470260;7.321930
13;PROGRESS-MS 33;6519.622703;-627.528747;-1921.889089;3.130747;4.901303;5.648585
1;ISS (ZARYA);6502.837709;-608.365568;-1951.544310;2.754673;5.743287;5.923178
10;LEOPARD;-6736.285802;-215.193513;202.508765;0.005523;-4.694959;-5.875430
1;ISS (ZARYA);6489.359599;-644.082501;-1949.747193;3.568645;5.254564;9.794313
7;DUPLEX;-3630.780734;3584.997697;4427.316365;-5.867986;-2.309457;-3.082083
5;SZ-21 MODULE;2907.195557;-4111.801877;-4418.124409;9.997459;7.895025;4.359954
2;POISK;6482.010604;-611.766318;-1922.524537;5.548105;11.256517;6.800796
12;CREW DRAGON 12;6506.965316;-626.812253;-1947.293800;4.985530;7.753791;6.872178
9;UITMSAT-2;907.670574;4202.342565;5245.192431;-7.477545;1.012594;1.458995
4;HRC MONOBLOCK CAMERA;-6628.674690;1022.662570;-243.812301;0.299979;-4.605376;-5.193804
8;ISS OBJECT XY;-2986.243010;4196.131530;4255.919024;-5.284257;-0.535574;-2.926537
11;HMU-SAT2;-5768.924069;-2323.288847;-2637.660863;5.172419;-2.802199;-4.734182
5;SZ-21 MODULE;2910.141881;-4133.352422;-4432.591300;7.962376;7.381961;1.851427
3;ISS (NAUKA);6507.130660;-615.049884;-1932.381257;5.538789;8.024908;5.752459
8;ISS OBJECT XY;-3016.238400;4193.755748;4282.712698;-4.352300;1.192663;-2.001425
3;ISS (NAUKA);6507.183406;-620.054962;-1944.493548;5.103934;5.362574;6.846557
5;SZ-21 MODULE;2907.195557;-4111.801877;-4418.124409;9.997459;7.895025;4.359954
4;HRC MONOBLOCK CAMERA;-6640.601342;1040.946254;-247.325870;3.792498;-1.115616;-5.304769
3;ISS (NAUKA);6504.413995;-623.257031;-1954.526470;6.620402;5.463100;5.818285
1;ISS (ZARYA);6509.523664;-618.868849;-1950.067042;6.193398;7.834971;7.026341
11;HMU-SAT2;-5762.583232;-2332.727546;-2640.396308;5.430125;-2.681214;-4.681308
9;UITMSAT-2;950.829477;4175.782867;5246.750996;-3.830891;5.412179;2.284255
5;SZ-21 MODULE;2877.714633;-4133.389655;-4442.062222;6.500416;5.197488;0.332316
4;HRC MONOBLOCK CAMERA;-6649.451548;1007.411569;-245.586508;0.868362;-4.003215;-4.314536
5;SZ-21 MODULE;2882.003992;-4106.599168;-4410.294151;9.782194;9.718714;3.939278
2;POISK;6483.868982;-646.100859;-1961.503323;2.581230;5.067271;6.246614
3;ISS (NAUKA);6518.274105;-623.189575;-1924.003005;3.682948;6.224006;7.893710
13;PROGRESS-MS 33;6484.848897;-644.543142;-1957.633141;5.875643;7.360211;7.299421
8;ISS OBJECT XY;-3003.685267;4209.563084;4292.256296;-6.603294;-0.864374;-3.192885
8;ISS OBJECT XY;-3008.195434;4189.142624;4260.418271;-5.184688;-0.925591;-1.956669
3;ISS (NAUKA);6530.435829;-643.209891;-1958.560876;2.742784;8.060805;9.783595
14;CYGNUS NG-24;6483.049578;-642.680266;-1961.306524;5.584812;5.144020;8.712300
2;POISK;6487.217990;-639.659208;-1943.138098;3.633270;5.128684;5.763960
12;CREW DRAGON 12;6488.550453;-642.923367;-1957.014692;2.669238;6.170612;7.015548
7;DUPLEX;-3613.048960;3601.448610;4435.011931;-1.265523;-1.624965;-1.467581
11;HMU-SAT2;-5770.040633;-2333.877099;-2639.767453;5.192043;-1.152190;-2.632223
5;SZ-21 MODULE;2873.080490;-4136.355623;-4441.141437;9.928003;7.087051;0.649741
6;SOYUZ-MS 28;6493.992065;-636.679446;-1946.313389;8.459112;7.232555;5.796798
8;ISS OBJECT XY;-2973.128853;4225.954062;4254.000084;-6.261310;3.080240;1.955052
3;ISS (NAUKA);6532.968086;-637.683720;-1925.646559;2.546740;6.049028;6.633668
7;DUPLEX;-3591.794674;3615.780357;4426.811251;-5.309771;0.100351;0.473395
1;ISS (ZARYA);6490.892626;-641.694526;-1956.467017;2.383232;5.147069;5.840822
3;ISS (NAUKA);6503.807955;-614.740994;-1937.120615;4.376171;7.599603;7.651842
3;ISS (NAUKA);6504.307750;-641.508918;-1958.164330;3.827668;8.729437;7.458472
2;POISK;6518.139413;-605.543211;-1953.905406;4.198135;10.078219;6.648214
1;ISS (ZARYA);6503.324421;-613.661794;-1921.370438;3.059103;7.022212;8.097606
1;ISS (ZARYA);6488.903014;-642.082599;-1961.361314;6.067540;6.014109;9.104345
1;ISS (ZARYA);6494.289385;-619.977617;-1957.121803;4.795187;10.657645;7.963613
10;LEOPARD;-6715.740865;-230.770078;228.112508;2.641055;-3.109163;-3.700656
1;ISS (ZARYA);6520.965900;-616.920266;-1924.572212;4.931456;9.505665;10.133014
7;DUPLEX;-3591.688640;3593.385428;4444.371434;-2.082390;-0.864503;1.068996
9;UITMSAT-2;922.357989;4186.880283;5256.750894;-5.652896;0.638759;1.064306
1;ISS (ZARYA);6496.195510;-637.914905;-1962.096494;4.453981;7.940437;8.417705
1;ISS (ZARYA);6496.195510;-637.914905;-1962.096494;4.453981;7.940437;8.417705
6;SOYUZ-MS 28;6497.625510;-603.791747;-1944.265661;2.285386;6.015247;9.596789
10;LEOPARD;-6756.562296;-233.487624;182.655169;1.993733;-1.005486;-1.921352
1;ISS (ZARYA);6502.357960;-639.089939;-1940.997415;2.392838;4.781232;5.800828
7;DUPLEX;-3616.787492;3583.897491;4427.817588;-4.056305;1.050673;-0.657522
4;HRC MONOBLOCK CAMERA;-6642.939984;1066.386319;-260.282952;4.356666;-1.924609;-1.551594
1;ISS (ZARYA);6509.523664;-618.868849;-1950.067042;6.193398;7.834971;7.026341
7;DUPLEX;-3616.787492;3583.897491;4427.817588;-4.056305;1.050673;-0.657522
2;POISK;6483.711978;-644.669380;-1962.108017;2.456558;5.310396;6.667474
1;ISS (ZARYA);6485.156484;-645.622022;-1956.189415;3.032137;6.291484;6.529660
8;ISS OBJECT XY;-2981.606605;4227.966775;4256.825765;-5.441507;3.282377;0.912449
8;ISS OBJECT XY;-3013.518510;4219.619965;4285.964626;-6.695803;0.546105;-1.477988
6;SOYUZ-MS 28;6481.774880;-644.331743;-1959.726615;3.304767;6.401728;6.087342
3;ISS (NAUKA);6507.467954;-610.153495;-1952.481267;2.399902;9.436109;7.048112
8;ISS OBJECT XY;-2974.397464;4188.763978;4261.901261;-4.234245;0.798874;1.027734
12;CREW DRAGON 12;6481.857834;-625.941757;-1918.301787;8.284619;7.129956;6.386339
16;DRAGON CRS-34;6539.622638;-635.385862;-1949.664964;3.288953;6.338188;12.710047
4;HRC MONOBLOCK CAMERA;-6638.950986;1019.563995;-227.915039;1.455045;-2.926504;-4.331285
9;UITMSAT-2;909.828527;4215.666685;5248.972496;-6.962669;0.799058;1.361713
4;HRC MONOBLOCK CAMERA;-6618.801606;1033.157953;-259.709319;3.157594;-2.895967;-2.316978
1;ISS (ZARYA);6504.255281;-617.289553;-1933.106934;2.399577;5.112861;5.625694
2;POISK;6485.300465;-643.339244;-1961.292218;7.029474;7.650116;9.720153
8;ISS OBJECT XY;-3016.722642;4179.143303;4252.952707;-0.391282;-1.246128;-0.165883
7;DUPLEX;-3597.948053;3596.542410;4440.478701;-5.348083;-1.572230;-2.578213
4;HRC MONOBLOCK CAMERA;-6634.000804;1015.008443;-250.889843;0.656132;-2.094660;-0.328504
8;ISS OBJECT XY;-3008.563193;4198.691518;4254.397835;-2.632106;0.797407;-0.967652
2;POISK;6500.016965;-633.496404;-1958.222074;2.215623;4.784948;5.621074
5;SZ-21 MODULE;2892.805279;-4120.784216;-4425.387136;7.628187;5.915965;1.860367
9;UITMSAT-2;918.724310;4199.907418;5233.917336;-6.512532;2.031858;3.458568
5;SZ-21 MODULE;2889.266084;-4116.660803;-4409.086399;7.222003;6.408803;2.886512
7;DUPLEX;-3623.929220;3598.936355;4441.726906;-6.183410;-2.340355;-3.280532
2;POISK;6506.046873;-623.993344;-1959.849358;2.160393;5.638072;7.357245
7;DUPLEX;-3629.242312;3608.205324;4438.311038;-0.027695;-0.898063;-1.519600
3;ISS (NAUKA);6520.650612;-644.651946;-1940.491842;2.760113;5.152508;6.230972
4;HRC MONOBLOCK CAMERA;-6649.451548;1007.411569;-245.586508;0.868362;-4.003215;-4.314536
5;SZ-21 MODULE;2883.577272;-4125.744538;-4443.880527;8.020730;6.895084;6.081281
8;ISS OBJECT XY;-3011.036776;4217.330072;4284.059950;-1.825627;3.557192;-3.240009
10;LEOPARD;-6728.633897;-226.419301;207.868201;0.102255;-4.166397;0.298248
9;UITMSAT-2;904.256914;4216.474451;5228.748713;-7.490945;0.589923;1.009893
6;SOYUZ-MS 28;6505.224288;-609.756240;-1923.282028;4.682220;7.915496;10.621873
9;UITMSAT-2;902.999096;4176.365580;5227.027594;-1.250965;0.671371;4.180760
12;CREW DRAGON 12;6485.038870;-645.125309;-1961.497878;2.617633;6.317270;7.128417
1;ISS (ZARYA);6482.524347;-603.971339;-1929.414154;4.029745;8.406782;9.029368
3;ISS (NAUKA);6507.467954;-610.153495;-1952.481267;2.399902;9.436109;7.048112
5;SZ-21 MODULE;2907.626548;-4128.866700;-4432.472602;7.478027;4.935803;1.357742
3;ISS (NAUKA);6496.918107;-588.144598;-1947.237003;2.845891;5.060019;6.338202
14;CYGNUS NG-24;6486.213220;-645.424621;-1954.172113;2.429323;5.431139;6.458451
2;POISK;6488.313795;-638.839065;-1957.914504;4.145597;5.548148;7.249391
15;PROGRESS-MS 34;6496.537328;-645.401679;-1953.509378;3.685808;6.251002;8.947385
9;UITMSAT-2;901.791286;4175.912690;5226.317279;-3.717975;3.203263;2.506010
8;ISS OBJECT XY;-3014.709496;4180.740637;4253.717335;-5.579674;1.585307;-1.884203
10;LEOPARD;-6751.981238;-233.163054;234.520484;2.765825;-1.704397;-5.723293
13;PROGRESS-MS 33;6529.032054;-614.564860;-1955.715122;7.809913;6.136787;6.772115
4;HRC MONOBLOCK CAMERA;-6621.657705;1048.298736;-245.051485;2.391092;-1.904750;-5.657813
2;POISK;6488.313795;-638.839065;-1957.914504;4.145597;5.548148;7.249391
14;CYGNUS NG-24;6524.017096;-621.760895;-1961.851436;3.865185;4.935441;6.031001
2;POISK;6493.945942;-626.113352;-1949.523235;4.259624;7.223502;5.739379
2;POISK;6501.542514;-624.459107;-1946.798430;3.751468;7.314659;9.424453
4;HRC MONOBLOCK CAMERA;-6630.196521;1028.446227;-239.798357;4.003816;-1.652513;-2.384212
10;LEOPARD;-6756.730244;-233.428100;182.810686;1.878563;-4.332894;-3.724722
10;LEOPARD;-6719.456698;-198.807854;194.565377;3.850106;-1.892724;-2.592546
6;SOYUZ-MS 28;6488.876984;-614.622278;-1961.392831;4.327399;6.311739;6.238683
8;ISS OBJECT XY;-3013.354293;4182.946227;4254.675638;-4.176505;0.594410;-1.135496
3;ISS (NAUKA);6504.938697;-586.987899;-1959.988867;2.854045;5.721166;6.339679
2;POISK;6517.791779;-630.402439;-1929.909371;4.071155;9.017344;8.305063
2;POISK;6493.395885;-642.174267;-1943.820754;4.384950;6.628673;6.095048
3;ISS (NAUKA);6520.650612;-644.651946;-1940.491842;2.760113;5.152508;6.230972
3;ISS (NAUKA);6492.252348;-629.165081;-1942.791585;4.812771;6.778049;5.806048
6;SOYUZ-MS 28;6513.383158;-617.776261;-1920.636586;2.788924;4.941234;6.180856
5;SZ-21 MODULE;2871.034742;-4140.653888;-4442.404768;7.066553;6.665068;1.454019
1;ISS (ZARYA);6494.892874;-630.063290;-1926.551035;6.337889;6.572372;10.213858
4;HRC MONOBLOCK CAMERA;-6642.026322;1015.426109;-260.280642;0.365528;-3.935119;-4.719715
5;SZ-21 MODULE;2873.887186;-4134.159496;-4447.720375;10.527100;6.512241;4.931628
7;DUPLEX;-3629.496296;3586.851345;4429.563275;-6.343819;-1.785606;-1.425755
1;ISS (ZARYA);6511.258923;-625.142660;-1953.759885;3.582498;5.696904;6.931914
1;ISS (ZARYA);6489.359599;-644.082501;-1949.747193;3.568645;5.254564;9.794313
6;SOYUZ-MS 28;6521.931577;-632.165686;-1941.894465;2.644979;7.263163;6.638211
4;HRC MONOBLOCK CAMERA;-6650.003742;1020.804707;-239.541884;5.253992;-4.069841;-1.298181
7;DUPLEX;-3626.304365;3584.901632;4426.528227;-5.180382;-0.946623;-1.825100
3;ISS (NAUKA);6489.348527;-615.268009;-1932.451366;7.066452;6.188523;11.002007
11;HMU-SAT2;-5769.271811;-2334.944611;-2641.727820;4.292738;1.123100;-3.186574
6;SOYUZ-MS 28;6521.572206;-619.568933;-1945.488298;4.718377;7.591109;7.865394
4;HRC MONOBLOCK CAMERA;-6650.111417;1009.854586;-254.656210;5.990314;-3.587311;-4.019555
3;ISS (NAUKA);6499.253410;-588.432309;-1954.976900;3.178893;7.369958;8.493950
9;UITMSAT-2;935.728764;4228.031016;5239.186960;-1.715041;4.677151;1.159046
1;ISS (ZARYA);6496.128919;-644.180206;-1946.164211;4.689077;7.862005;8.041003
3;ISS (NAUKA);6487.679647;-622.175043;-1912.550440;2.944804;5.999682;6.198138
12;CREW DRAGON 12;6499.836417;-633.763596;-1943.309724;4.617675;7.101656;9.626688
10;LEOPARD;-6728.894316;-222.837896;211.205524;3.634663;-0.865269;-5.868918
5;SZ-21 MODULE;2871.377456;-4135.749723;-4425.207647;8.953489;7.289300;6.255351
7;DUPLEX;-3588.966309;3622.237326;4433.537492;-5.693225;-1.570989;-3.206829
1;ISS (ZARYA);6517.193297;-620.739112;-1944.345043;2.183680;4.923362;5.599371
6;SOYUZ-MS 28;6497.795143;-636.946411;-1933.774632;3.377148;11.630911;5.752365
1;ISS (ZARYA);6502.612378;-613.842262;-1915.313445;4.725898;10.337426;6.514295
4;HRC MONOBLOCK CAMERA;-6648.447471;1011.378949;-257.004177;0.477364;-3.527595;-5.983469
12;CREW DRAGON 12;6506.570004;-625.070939;-1937.766810;2.268793;5.537467;7.408721
7;DUPLEX;-3627.540328;3584.841878;4426.728127;-0.111471;-1.116561;-1.765933
12;CREW DRAGON 12;6520.644800;-609.966918;-1928.570370;3.020437;11.753166;7.069300
11;HMU-SAT2;-5735.919263;-2293.419979;-2633.932114;7.275149;-0.973654;-3.889683
6;SOYUZ-MS 28;6509.980028;-642.175709;-1933.590780;5.803753;8.356195;7.388256
6;SOYUZ-MS 28;6481.774880;-644.331743;-1959.726615;3.304767;6.401728;6.087342
4;HRC MONOBLOCK CAMERA;-6612.365368;1037.780346;-236.514666;2.280728;1.098120;-2.524909
9;UITMSAT-2;908.751766;4209.850058;5260.021899;-7.298577;0.553744;1.188355
13;PROGRESS-MS 33;6500.560745;-639.014418;-1930.649477;3.441881;5.644335;8.532489
14;CYGNUS NG-24;6484.304702;-636.918075;-1954.559058;6.287572;8.761820;8.275662
9;UITMSAT-2;914.085650;4193.036077;5239.528623;-5.545361;3.314852;2.528326
1;ISS (ZARYA);6488.137846;-622.059951;-1935.498671;7.617955;6.356121;10.638310
7;DUPLEX;-3630.780734;3584.997697;4427.316365;-5.867986;-2.309457;-3.082083
7;DUPLEX;-3630.451772;3585.023882;4427.503722;-2.693403;0.223042;1.375309
2;POISK;6511.383153;-619.020829;-1933.385188;2.960420;6.198696;7.516838
2;POISK;6482.398060;-599.267722;-1930.043024;5.927555;5.963610;10.552705
1;ISS (ZARYA);6494.892874;-630.063290;-1926.551035;6.337889;6.572372;10.213858
1;ISS (ZARYA);6517.193297;-620.739112;-1944.345043;2.183680;4.923362;5.599371
1;ISS (ZARYA);6538.537859;-626.177961;-1930.782537;2.325610;4.843960;6.889612
9;UITMSAT-2;930.223313;4193.095136;5245.938479;-7.510632;0.662868;1.128660
4;HRC MONOBLOCK CAMERA;-6644.410106;1010.929894;-252.790660;1.126040;-1.776064;-2.740629
4;HRC MONOBLOCK CAMERA;-6643.733180;1051.100622;-215.085261;3.452333;-2.634821;-2.296753
4;HRC MONOBLOCK CAMERA;-6642.314397;1054.162282;-229.234620;1.049006;-3.820903;-5.988531
13;PROGRESS-MS 33;6509.726614;-637.774070;-1926.146598;2.428857;5.110489;5.990301
8;ISS OBJECT XY;-3009.418173;4181.117547;4252.598912;-5.430428;-0.662529;-2.923879
6;SOYUZ-MS 28;6521.140353;-644.312635;-1928.906414;3.009785;4.873142;6.099079
5;SZ-21 MODULE;2902.274086;-4135.236767;-4417.355676;6.807900;4.509902;0.275899
1;ISS (ZARYA);6497.471869;-641.719644;-1947.447917;4.900907;7.396286;6.096496
1;ISS (ZARYA);6497.471869;-641.719644;-1947.447917;4.900907;7.396286;6.096496
4;HRC MONOBLOCK CAMERA;-6644.728022;1010.178192;-247.966465;0.507161;-4.499984;-5.480077
5;SZ-21 MODULE;2879.258554;-4122.666919;-4394.793094;7.233662;5.684556;3.409700
6;SOYUZ-MS 28;6482.180332;-645.671664;-1961.399066;2.438256;5.732779;6.271801
6;SOYUZ-MS 28;6482.180332;-645.671664;-1961.399066;2.438256;5.732779;6.271801
2;POISK;6485.814298;-640.190174;-1936.717740;3.510465;4.965294;7.022054
7;DUPLEX;-3608.116394;3619.992342;4462.641193;-4.434617;-0.423209;-2.062829
1;ISS (ZARYA);6486.588373;-638.253815;-1953.419320;2.652987;7.275219;6.948180
2;POISK;6506.046873;-623.993344;-1959.849358;2.160393;5.638072;7.357245
3;ISS (NAUKA);6503.795970;-602.988513;-1933.848324;3.134239;5.601554;6.146713
4;HRC MONOBLOCK CAMERA;-6635.389641;1042.228437;-241.021102;1.825765;-2.099853;-0.480757
2;POISK;6487.759282;-644.141057;-1945.598490;3.703396;4.879551;7.073368
5;SZ-21 MODULE;2871.034742;-4140.653888;-4442.404768;7.066553;6.665068;1.454019
12;CREW DRAGON 12;6526.938416;-614.947215;-1927.228130;2.921439;7.074279;7.440337
4;HRC MONOBLOCK CAMERA;-6649.451548;1007.411569;-245.586508;0.868362;-4.003215;-4.314536
2;POISK;6482.010604;-611.766318;-1922.524537;5.548105;11.256517;6.800796
1;ISS (ZARYA);6486.180084;-632.906585;-1924.533642;2.894082;5.681103;7.503215
3;ISS (NAUKA);6483.939365;-629.388733;-1949.442932;3.882248;8.578459;6.962890
9;UITMSAT-2;904.949030;4186.939052;5240.931318;-6.933383;0.843694;1.252821
2;POISK;6482.750474;-586.040439;-1961.321479;3.101847;6.846700;7.885201
7;DUPLEX;-3613.375574;3593.984949;4436.607131;-5.687947;-1.386847;-2.034283
12;CREW DRAGON 12;6516.773312;-599.307170;-1929.801896;2.450621;6.987147;9.250513
7;DUPLEX;-3586.934648;3619.729331;4429.152071;-1.578103;1.673842;0.369277
3;ISS (NAUKA);6482.398996;-643.973758;-1917.233150;3.473587;5.320349;6.121785
14;CYGNUS NG-24;6509.769307;-642.942721;-1925.852737;3.450057;6.707794;8.233050
7;DUPLEX;-3584.430664;3582.955448;4469.477673;-4.082450;0.057878;1.085867
2;POISK;6495.164103;-637.226599;-1958.788978;5.863387;7.434410;6.070859
14;CYGNUS NG-24;6481.940663;-646.087256;-1962.091487;3.353293;10.775996;7.747931
1;ISS (ZARYA);6486.875798;-631.055930;-1958.645546;4.479390;7.053992;11.596482
7;DUPLEX;-3607.927664;3593.639744;4431.466926;-2.635178;0.748436;1.649486
8;ISS OBJECT XY;-3001.846564;4212.684242;4288.441294;-5.580801;-0.333474;-2.071546
7;DUPLEX;-3618.503890;3588.196213;4425.273271;-4.889160;-1.967724;-3.002700
10;LEOPARD;-6753.124732;-232.897697;183.812912;0.133558;-4.365550;-5.892941
12;CREW DRAGON 12;6530.886232;-605.728416;-1952.193166;2.248100;5.316358;5.747683
5;SZ-21 MODULE;2878.701157;-4131.718216;-4441.909369;8.200933;4.501773;1.101769
3;ISS (NAUKA);6497.783680;-642.127564;-1944.788867;5.740594;9.530272;8.439258
4;HRC MONOBLOCK CAMERA;-6643.733180;1051.100622;-215.085261;3.452333;-2.634821;-2.296753
15;PROGRESS-MS 34;6495.180651;-640.291814;-1911.974185;3.765803;7.752558;7.957179
9;UITMSAT-2;946.695651;4201.161825;5226.630243;-2.862332;2.222661;3.457520
10;LEOPARD;-6741.469883;-192.143810;194.952394;0.484474;-4.064595;-5.150589
1;ISS (ZARYA);6482.196471;-642.624041;-1951.113747;2.579836;5.878066;5.927601
3;ISS (NAUKA);6503.944081;-642.989681;-1946.393753;2.996626;6.294246;7.003566
5;SZ-21 MODULE;2873.887186;-4134.159496;-4447.720375;10.527100;6.512241;4.931628
6;SOYUZ-MS 28;6505.924762;-599.424028;-1925.730690;8.171231;8.310705;8.624170
4;HRC MONOBLOCK CAMERA;-6632.213875;1040.554676;-248.109362;6.163759;-2.304086;-3.819686
13;PROGRESS-MS 33;6484.343994;-634.081132;-1949.261625;4.536022;8.013203;7.275052
11;HMU-SAT2;-5754.323606;-2321.627384;-2626.579431;7.382621;1.259415;-3.372663
6;SOYUZ-MS 28;6501.626504;-631.106368;-1924.354343;7.433503;7.752385;7.365648
3;ISS (NAUKA);6511.910912;-630.684264;-1928.574302;2.378797;4.926955;5.719284
3;ISS (NAUKA);6485.290017;-644.743996;-1960.601243;2.859154;5.319045;6.473987
9;UITMSAT-2;918.345905;4186.286759;5238.720947;-6.126879;5.329556;1.611781
2;POISK;6481.762697;-644.518096;-1961.567964;2.477567;5.745246;7.672377
5;SZ-21 MODULE;2879.909657;-4134.375571;-4446.190746;7.019025;5.550817;1.667959
10;LEOPARD;-6749.863457;-195.602759;209.226349;0.422294;-4.360630;-5.866705
11;HMU-SAT2;-5743.280901;-2315.344033;-2640.116211;5.609775;0.139891;-0.650589
3;ISS (NAUKA);6530.435829;-643.209891;-1958.560876;2.742784;8.060805;9.783595
9;UITMSAT-2;962.428879;4193.644126;5228.776184;-3.972659;5.732013;3.069971
2;POISK;6517.791779;-630.402439;-1929.909371;4.071155;9.017344;8.305063
3;ISS (NAUKA);6507.130660;-615.049884;-1932.381257;5.538789;8.024908;5.752459
7;DUPLEX;-3624.064357;3583.746452;4429.571981;-3.976293;1.877752;0.048268
12;CREW DRAGON 12;6488.926169;-640.231033;-1956.895947;3.359201;7.252587;9.695430
11;HMU-SAT2;-5760.062898;-2332.626323;-2642.308511;4.865268;-2.801491;-2.443456
2;POISK;6488.116967;-645.577231;-1937.524312;4.503008;7.198405;7.350886
4;HRC MONOBLOCK CAMERA;-6636.278492;1007.945183;-206.525738;0.188099;0.567200;-2.089799
9;UITMSAT-2;908.210409;4200.040554;5241.332046;-5.022351;3.075693;2.297876
6;SOYUZ-MS 28;6506.888033;-620.868354;-1952.429276;2.299261;4.878157;5.658742
7;DUPLEX;-3626.900471;3586.879487;4426.684969;-4.916482;-0.177914;-3.131627
8;ISS OBJECT XY;-3001.221604;4199.405326;4290.859029;-6.252077;0.383804;1.126533
2;POISK;6486.018730;-626.009079;-1924.168525;4.488046;9.539257;8.715087
11;HMU-SAT2;-5747.846430;-2333.380019;-2635.663374;5.581411;-2.099233;1.875943
3;ISS (NAUKA);6484.434182;-645.000692;-1958.071256;2.383258;7.150943;7.658961
6;SOYUZ-MS 28;6507.173415;-634.361870;-1959.847425;4.096942;5.471837;6.290173
6;SOYUZ-MS 28;6509.980028;-642.175709;-1933.590780;5.803753;8.356195;7.388256
9;UITMSAT-2;903.352469;4174.880013;5234.446854;-7.425991;1.380084;1.790817
15;PROGRESS-MS 34;6501.905318;-609.711681;-1916.404066;3.048899;8.313872;12.104198
1;ISS (ZARYA);6499.566594;-593.087257;-1926.772014;3.326326;5.645469;10.012465
15;PROGRESS-MS 34;6515.316762;-609.579452;-1931.490272;5.331409;10.281513;5.721599
4;HRC MONOBLOCK CAMERA;-6634.000804;1015.008443;-250.889843;0.656132;-2.094660;-0.328504
1;ISS (ZARYA);6502.837709;-608.365568;-1951.544310;2.754673;5.743287;5.923178
4;HRC MONOBLOCK CAMERA;-6644.410106;1010.929894;-252.790660;1.126040;-1.776064;-2.740629
1;ISS (ZARYA);6485.171791;-645.161634;-1955.066729;2.669569;9.894076;9.838586
3;ISS (NAUKA);6484.374239;-646.014832;-1937.704165;4.411001;7.547940;10.070235
3;ISS (NAUKA);6505.747784;-645.791152;-1944.450139;4.414257;5.183793;6.208607
5;SZ-21 MODULE;2872.793566;-4092.994400;-4422.393665;9.290969;10.966187;2.352699
3;ISS (NAUKA);6494.760614;-624.251468;-1954.034530;8.708883;6.838027;6.941243
2;POISK;6494.455798;-631.805072;-1948.106466;5.778372;4.865744;10.092051
10;LEOPARD;-6725.904439;-175.978039;191.417412;1.942076;-2.540145;-2.461866
5;SZ-21 MODULE;2871.478187;-4138.383957;-4433.239912;8.392892;6.253981;2.384734
4;HRC MONOBLOCK CAMERA;-6647.634301;1035.904079;-253.615307;0.460909;-2.647490;-4.399228
8;ISS OBJECT XY;-3001.221604;4199.405326;4290.859029;-6.252077;0.383804;1.126533
2;POISK;6499.247600;-639.013892;-1937.921580;3.115089;5.146243;6.350177
15;PROGRESS-MS 34;6500.579027;-634.084527;-1955.551239;2.598349;5.024549;6.155478
5;SZ-21 MODULE;2912.479322;-4139.237486;-4401.901133;11.409257;8.414690;2.728559
1;ISS (ZARYA);6527.332833;-609.861169;-1943.007239;4.896424;5.618879;5.669893
9;UITMSAT-2;946.695651;4201.161825;5226.630243;-2.862332;2.222661;3.457520
8;ISS OBJECT XY;-2982.790033;4194.359383;4278.284148;-5.417040;-0.369137;-1.754418
7;DUPLEX;-3610.795426;3631.249851;4428.823692;-1.864226;-0.928212;1.149036
2;POISK;6489.565202;-641.713976;-1961.405852;4.688383;8.361331;9.494479
4;HRC MONOBLOCK CAMERA;-6650.408066;1010.716417;-255.790541;-0.227137;-4.268941;-5.837719
10;LEOPARD;-6732.585706;-214.925876;186.440159;6.091020;-3.559488;-4.422133
3;ISS (NAUKA);6520.891866;-627.240904;-1910.001514;2.921874;5.971656;8.388529
4;HRC MONOBLOCK CAMERA;-6646.239446;1010.266197;-255.844391;3.119193;-2.966047;-1.677773
3;ISS (NAUKA);6511.910912;-630.684264;-1928.574302;2.378797;4.926955;5.719284
1;ISS (ZARYA);6482.325049;-645.790568;-1962.100383;3.419676;8.256938;8.101328
11;HMU-SAT2;-5768.595561;-2328.281708;-2640.029196;7.038010;0.812711;-2.366567
2;POISK;6499.308300;-608.963139;-1949.662253;3.953976;5.383069;9.635095
3;ISS (NAUKA);6483.939365;-629.388733;-1949.442932;3.882248;8.578459;6.962890
7;DUPLEX;-3616.787492;3583.897491;4427.817588;-4.056305;1.050673;-0.657522
7;DUPLEX;-3611.581097;3613.916834;4469.847168;-3.017728;-2.068978;-2.531508
15;PROGRESS-MS 34;6495.180651;-640.291814;-1911.974185;3.765803;7.752558;7.957179
2;POISK;6481.842841;-598.838862;-1945.456220;2.695301;6.082761;6.518836
1;ISS (ZARYA);6486.180084;-632.906585;-1924.533642;2.894082;5.681103;7.503215
13;PROGRESS-MS 33;6530.308034;-601.313327;-1956.103849;3.476910;6.337139;8.485079
2;POISK;6517.478337;-644.425347;-1934.548813;3.413215;5.184080;7.143116
9;UITMSAT-2;915.663289;4197.260223;5234.464504;-6.077047;1.014963;2.778144
1;ISS (ZARYA);6492.311503;-644.614412;-1950.516577;6.483570;7.163842;6.316772
9;UITMSAT-2;912.040362;4183.920402;5260.894610;-7.371063;0.844259;1.125050
9;UITMSAT-2;935.728764;4228.031016;5239.186960;-1.715041;4.677151;1.159046
11;HMU-SAT2;-5769.285838;-2332.023036;-2640.997740;11.521050;-3.380877;-4.575139
11;HMU-SAT2;-5747.846430;-2333.380019;-2635.663374;5.581411;-2.099233;1.875943
3;ISS (NAUKA);6517.324853;-610.626622;-1928.091883;3.886936;9.418845;8.986463
2;POISK;6517.478337;-644.425347;-1934.548813;3.413215;5.184080;7.143116
2;POISK;6508.051510;-615.254961;-1934.408990;4.330539;7.138722;7.598348
1;ISS (ZARYA);6527.332833;-609.861169;-1943.007239;4.896424;5.618879;5.669893
3;ISS (NAUKA);6486.693945;-645.256971;-1943.402114;5.169362;9.073282;9.315549
8;ISS OBJECT XY;-2997.999653;4195.161312;4255.039617;-5.768307;2.649688;-0.535356
12;CREW DRAGON 12;6485.916728;-621.341103;-1942.511404;8.043412;8.640039;7.267987
13;PROGRESS-MS 33;6511.419429;-631.892583;-1924.772417;7.692842;9.662526;6.292048
9;UITMSAT-2;920.259783;4196.579238;5235.001931;-5.318826;2.641531;2.860052
6;SOYUZ-MS 28;6534.771535;-626.184849;-1938.326134;2.253806;4.902260;5.856228
5;SZ-21 MODULE;2919.036453;-4134.192253;-4420.843412;7.151560;4.987562;0.377955
5;SZ-21 MODULE;2883.577272;-4125.744538;-4443.880527;8.020730;6.895084;6.081281
9;UITMSAT-2;928.897098;4215.358116;5243.750777;-6.772672;1.210869;1.321941
8;ISS OBJECT XY;-3016.229372;4182.649127;4255.470874;-1.361395;1.933497;-2.676115
10;LEOPARD;-6756.730244;-233.428100;182.810686;1.878563;-4.332894;-3.724722
14;CYGNUS NG-24;6483.840630;-640.070130;-1957.694607;7.441223;5.562816;7.664410
3;ISS (NAUKA);6494.164417;-643.190217;-1954.572284;2.853101;6.113981;7.050558
10;LEOPARD;-6751.981238;-233.163054;234.520484;2.765825;-1.704397;-5.723293
1;ISS (ZARYA);6511.736059;-617.106887;-1935.023870;5.375858;5.266635;7.572864
6;SOYUZ-MS 28;6487.907454;-644.505357;-1952.379600;6.783282;9.480772;6.374582
5;SZ-21 MODULE;2872.793566;-4092.994400;-4422.393665;9.290969;10.966187;2.352699
6;SOYUZ-MS 28;6509.834962;-625.644199;-1943.108845;3.915204;6.222262;6.475444
1;ISS (ZARYA);6488.903014;-642.082599;-1961.361314;6.067540;6.014109;9.104345
3;ISS (NAUKA);6491.710207;-643.669680;-1951.559743;2.176392;5.486369;6.303631
12;CREW DRAGON 12;6482.800237;-641.185859;-1961.869321;2.312581;6.738507;7.157387
11;HMU-SAT2;-5741.890973;-2331.290832;-2638.265821;4.060422;-3.751781;-5.105937
6;SOYUZ-MS 28;6494.789690;-629.091172;-1954.416391;2.173171;4.792289;5.608505
8;ISS OBJECT XY;-3017.123677;4178.260703;4252.662434;-2.513636;1.491875;0.089237
5;SZ-21 MODULE;2871.377456;-4135.749723;-4425.207647;8.953489;7.289300;6.255351
10;LEOPARD;-6741.986542;-204.984089;201.257287;0.425321;-3.949591;-5.562880
3;ISS (NAUKA);6509.759117;-624.737638;-1940.009095;2.382097;5.161048;5.733344
6;SOYUZ-MS 28;6508.203541;-626.912905;-1954.608053;5.093559;5.729647;6.359231
