9;UITMSAT-2;904.623919;4183.801250;5226.870257;-6.310467;2.506883;3.553457
5;SZ-21 MODULE;2883.577272;-4125.744538;-4443.880527;8.020730;6.895084;6.081281
5;SZ-21 MODULE;2887.976913;-4117.499968;-4409.242676;7.996854;4.712250;2.682139
2;POISK;6521.577895;-600.299955;-1959.043436;3.555136;8.876119;9.572046
3;ISS (NAUKA);6491.101504;-624.535386;-1957.064801;3.465863;5.418075;6.225842
6;SOYUZ-MS 28;6500.880993;-637.320046;-1930.046886;3.501832;6.153673;5.842614
16;DRAGON CRS-34;6492.184008;-634.066869;-1960.059821;2.252247;5.014172;5.696281
10;LEOPARD;-6750.648767;-219.449089;196.748601;0.638255;-0.307308;-0.695972
8;ISS OBJECT XY;-3005.643177;4219.757622;4300.479331;-6.449468;2.381414;-2.341409
5;SZ-21 MODULE;2877.893538;-4106.689791;-4407.073535;8.960357;6.868297;3.452432
7;DUPLEX;-3621.777510;3593.159545;4437.895362;-2.801316;0.105645;-0.838100
5;SZ-21 MODULE;2910.141881;-4133.352422;-4432.591300;7.962376;7.381961;1.851427
1;ISS (ZARYA);6482.524347;-603.971339;-1929.414154;4.029745;8.406782;9.029368
2;POISK;6527.021703;-630.148781;-1914.971544;4.030189;9.709822;6.758910
1;ISS (ZARYA);6491.323524;-643.404396;-1955.802967;4.705438;5.885062;7.619309
3;ISS (NAUKA);6484.822701;-636.192852;-1952.208277;2.472288;5.227300;6.012857
5;SZ-21 MODULE;2893.883376;-4123.435462;-4431.129186;6.411549;6.462038;4.979053
6;SOYUZ-MS 28;6489.012511;-644.242175;-1939.105596;3.944193;4.896434;6.257301
4;HRC MONOBLOCK CAMERA;-6650.428954;1006.359983;-260.467560;0.433905;0.053959;-2.618449
4;HRC MONOBLOCK CAMERA;-6621.637689;1038.444563;-253.381691;1.697555;-1.781774;-0.447697
5;SZ-21 MODULE;2898.900761;-4126.103602;-4410.665527;6.443145;5.575452;0.888145
13;PROGRESS-MS 33;6481.756987;-646.042295;-1961.990793;4.474715;5.765074;7.382356
1;ISS (ZARYA);6511.720939;-632.549057;-1959.117959;5.706890;7.708673;8.754927
12;CREW DRAGON 12;6526.938416;-614.947215;-1927.228130;2.921439;7.074279;7.440337
4;HRC MONOBLOCK CAMERA;-6629.187329;1035.215238;-247.745774;3.431459;0.282698;-2.041296
7;DUPLEX;-3609.668560;3583.647712;4426.967851;-3.179259;2.624034;0.383975
4;HRC MONOBLOCK CAMERA;-6650.003742;1020.804707;-239.541884;5.253992;-4.069841;-1.298181
1;ISS (ZARYA);6484.274795;-632.223784;-1939.307889;5.548874;7.526775;6.102630
6;SOYUZ-MS 28;6502.040708;-630.574274;-1956.736108;3.591142;5.792576;5.747994
5;SZ-21 MODULE;2871.982960;-4138.352343;-4445.296757;8.109747;5.393374;1.594456
7;DUPLEX;-3629.496296;3586.851345;4429.563275;-6.343819;-1.785606;-1.425755
4;HRC MONOBLOCK CAMERA;-6636.996127;1022.689023;-240.352432;1.083917;-4.410711;-1.073116
10;LEOPARD;-6753.423880;-227.583753;185.465569;-0.002937;-4.763930;-6.004985
2;POISK;6495.487511;-636.108462;-1961.279537;2.863700;5.339172;5.713631
8;ISS OBJECT XY;-3009.515508;4185.040622;4283.822113;-2.346187;0.114530;0.215231
9;UITMSAT-2;928.897098;4215.358116;5243.750777;-6.772672;1.210869;1.321941
12;CREW DRAGON 12;6499.668290;-640.043824;-1927.737329;4.999979;6.738124;8.159887
7;DUPLEX;-3611.398765;3592.998557;4446.619496;-4.383940;-1.622159;-2.078124
5;SZ-21 MODULE;2867.088540;-4118.263325;-4441.740346;6.621915;4.535299;0.537717
2;POISK;6488.139989;-641.510189;-1957.774970;5.585030;5.278188;9.448181
4;HRC MONOBLOCK CAMERA;-6607.292531;1052.062608;-249.603172;-0.422251;-4.688006;-5.946103
8;ISS OBJECT XY;-3007.301539;4210.380735;4254.831231;-6.102454;-1.237719;-3.200532
5;SZ-21 MODULE;2900.311582;-4122.408351;-4427.109368;8.093766;6.251906;0.602347
7;DUPLEX;-3629.456855;3585.596318;4425.585733;-5.098371;3.566460;-0.571069
2;POISK;6505.441308;-614.669541;-1939.648144;2.568460;9.289338;9.368485
13;PROGRESS-MS 33;6506.207731;-624.871529;-1961.123943;2.744640;5.684026;5.966414
4;HRC MONOBLOCK CAMERA;-6645.652043;1011.283838;-254.347761;-0.306990;-4.587893;-5.516689
7;DUPLEX;-3622.200359;3600.704946;4424.824069;-5.905369;-0.032161;-3.167744
11;HMU-SAT2;-5756.107266;-2327.116444;-2629.324987;4.892938;-1.395712;-3.749899
7;DUPLEX;-3602.078193;3614.067979;4451.476523;-6.369922;-2.026264;-2.572213
6;SOYUZ-MS 28;6484.318632;-644.558591;-1956.489783;2.773049;6.010172;7.019208
2;POISK;6506.046873;-623.993344;-1959.849358;2.160393;5.638072;7.357245
6;SOYUZ-MS 28;6482.219935;-608.438014;-1934.345226;3.719141;5.639729;7.690291
7;DUPLEX;-3609.668560;3583.647712;4426.967851;-3.179259;2.624034;0.383975
10;LEOPARD;-6728.633897;-226.419301;207.868201;0.102255;-4.166397;0.298248
4;HRC MONOBLOCK CAMERA;-6598.946492;1016.083483;-219.788757;0.542513;-4.351056;-1.289203
11;HMU-SAT2;-5756.535979;-2307.694728;-2634.409332;5.486760;-2.716924;-4.072149
4;HRC MONOBLOCK CAMERA;-6645.844659;1009.417780;-256.264702;0.150200;-3.722011;-5.195821
8;ISS OBJECT XY;-2981.606605;4227.966775;4256.825765;-5.441507;3.282377;0.912449
6;SOYUZ-MS 28;6539.423121;-640.787110;-1940.375629;6.248197;6.627567;8.760950
8;ISS OBJECT XY;-3009.418173;4181.117547;4252.598912;-5.430428;-0.662529;-2.923879
2;POISK;6483.868982;-646.100859;-1961.503323;2.581230;5.067271;6.246614
12;CREW DRAGON 12;6528.794492;-612.614132;-1948.958867;2.511652;7.066474;12.180822
1;ISS (ZARYA);6506.545365;-625.315480;-1943.869916;2.989956;6.607082;9.301643
6;SOYUZ-MS 28;6513.383158;-617.776261;-1920.636586;2.788924;4.941234;6.180856
1;ISS (ZARYA);6482.196471;-642.624041;-1951.113747;2.579836;5.878066;5.927601
4;HRC MONOBLOCK CAMERA;-6647.634301;1035.904079;-253.615307;0.460909;-2.647490;-4.399228
8;ISS OBJECT XY;-3016.238400;4193.755748;4282.712698;-4.352300;1.192663;-2.001425
4;HRC MONOBLOCK CAMERA;-6643.457626;1012.158793;-240.700324;3.055737;0.463338;-5.330282
6;SOYUZ-MS 28;6506.175491;-621.370042;-1935.166161;2.388022;4.841680;5.784980
2;POISK;6501.198618;-629.003720;-1955.819887;4.124493;7.866044;8.340763
5;SZ-21 MODULE;2908.145536;-4127.507586;-4411.702082;6.515937;4.507134;0.315681
1;ISS (ZARYA);6487.056091;-634.247785;-1942.459113;5.734373;5.844926;9.229482
1;ISS (ZARYA);6499.566594;-593.087257;-1926.772014;3.326326;5.645469;10.012465
10;LEOPARD;-6709.270562;-196.740580;189.296305;0.320988;-4.075661;-5.912002
1;ISS (ZARYA);6488.903014;-642.082599;-1961.361314;6.067540;6.014109;9.104345
9;UITMSAT-2;919.111968;4191.258380;5226.759638;-4.021136;2.338792;1.402288
4;HRC MONOBLOCK CAMERA;-6645.897392;1017.240090;-256.686319;0.292917;-3.775650;-1.470091
6;SOYUZ-MS 28;6507.173415;-634.361870;-1959.847425;4.096942;5.471837;6.290173
12;CREW DRAGON 12;6496.862666;-636.598406;-1946.970708;4.969159;5.619822;6.655287
3;ISS (NAUKA);6489.048268;-642.754171;-1956.997302;3.498724;8.390999;5.941859
1;ISS (ZARYA);6538.537859;-626.177961;-1930.782537;2.325610;4.843960;6.889612
10;LEOPARD;-6739.618658;-192.676281;208.925053;2.720641;-2.205563;-1.580696
1;ISS (ZARYA);6482.196471;-642.624041;-1951.113747;2.579836;5.878066;5.927601
2;POISK;6504.283450;-630.057785;-1942.465351;6.031415;8.374418;10.555807
15;PROGRESS-MS 34;6515.383396;-617.862373;-1926.535871;5.364021;8.129204;8.831138
2;POISK;6506.046873;-623.993344;-1959.849358;2.160393;5.638072;7.357245
1;ISS (ZARYA);6511.720939;-632.549057;-1959.117959;5.706890;7.708673;8.754927
3;ISS (NAUKA);6501.419546;-624.012120;-1960.611196;2.316970;5.181982;6.778089
1;ISS (ZARYA);6487.324136;-619.879560;-1908.359122;2.452513;5.501177;5.730008
10;LEOPARD;-6752.529241;-231.736783;191.366874;0.033903;-1.133207;-4.492165
9;UITMSAT-2;905.239710;4177.983498;5232.675368;-5.989700;1.905467;4.763309
16;DRAGON CRS-34;6506.348552;-632.575227;-1939.889174;5.208023;7.452868;7.317785
6;SOYUZ-MS 28;6501.626504;-631.106368;-1924.354343;7.433503;7.752385;7.365648
8;ISS OBJECT XY;-3008.195434;4189.142624;4260.418271;-5.184688;-0.925591;-1.956669
7;DUPLEX;-3623.615509;3618.047991;4454.117544;-2.149456;0.079685;-0.984576
11;HMU-SAT2;-5745.188788;-2294.444899;-2629.507005;5.420589;-3.803731;-3.667564
11;HMU-SAT2;-5744.653258;-2312.506308;-2621.862821;4.449732;-3.571461;-5.115081
7;DUPLEX;-3605.032108;3592.079662;4451.343011;-6.420645;-2.043353;-3.119396
5;SZ-21 MODULE;2904.876237;-4138.020794;-4396.778971;6.711271;6.733967;3.294815
1;ISS (ZARYA);6509.523664;-618.868849;-1950.067042;6.193398;7.834971;7.026341
3;ISS (NAUKA);6489.048268;-642.754171;-1956.997302;3.498724;8.390999;5.941859
5;SZ-21 MODULE;2910.834006;-4118.185379;-4425.727959;8.506088;4.668202;0.792514
8;ISS OBJECT XY;-3008.195434;4189.142624;4260.418271;-5.184688;-0.925591;-1.956669
5;SZ-21 MODULE;2905.441473;-4117.851541;-4417.712108;6.398265;4.295509;0.135985
5;SZ-21 MODULE;2899.826054;-4140.860941;-4397.340200;8.099944;4.502480;1.380366
4;HRC MONOBLOCK CAMERA;-6593.626407;1032.625164;-259.747343;0.342232;-3.477423;-6.005171
1;ISS (ZARYA);6490.892626;-641.694526;-1956.467017;2.383232;5.147069;5.840822
3;ISS (NAUKA);6495.514398;-610.522405;-1923.700978;3.331033;6.200939;5.617284
8;ISS OBJECT XY;-2996.215321;4202.466084;4253.444077;-2.829761;-0.121084;-0.328014
5;SZ-21 MODULE;2882.320351;-4124.132646;-4425.213578;9.821379;6.722794;3.494893
4;HRC MONOBLOCK CAMERA;-6632.855866;1021.486922;-231.239404;2.480356;-0.209223;-5.220018
9;UITMSAT-2;900.657604;4173.994395;5227.504278;-6.135317;2.646235;3.269362
4;HRC MONOBLOCK CAMERA;-6634.439562;1028.789825;-230.328627;1.790188;-3.068123;-2.937020
9;UITMSAT-2;910.463285;4181.290248;5250.632334;-7.163027;1.049957;1.051511
6;SOYUZ-MS 28;6487.907454;-644.505357;-1952.379600;6.783282;9.480772;6.374582
2;POISK;6511.103892;-629.347580;-1934.195602;6.025691;7.504978;7.139296
1;ISS (ZARYA);6527.332833;-609.861169;-1943.007239;4.896424;5.618879;5.669893
6;SOYUZ-MS 28;6513.766084;-593.816865;-1933.462112;3.700410;7.393187;7.654900
1;ISS (ZARYA);6499.566594;-593.087257;-1926.772014;3.326326;5.645469;10.012465
4;HRC MONOBLOCK CAMERA;-6650.550797;1007.449985;-259.467398;-0.356615;-4.680821;-4.980055
4;HRC MONOBLOCK CAMERA;-6635.651193;1021.828927;-247.740558;4.685836;-2.162566;-2.833657
3;ISS (NAUKA);6489.750034;-620.917101;-1939.838333;2.185156;4.857791;5.645486
3;ISS (NAUKA);6483.717199;-596.309690;-1928.477875;4.516136;7.852602;9.501359
9;UITMSAT-2;937.843178;4199.482817;5246.653398;-7.258969;1.216302;1.682854
1;ISS (ZARYA);6506.191205;-613.686471;-1940.246260;2.872401;6.451157;6.763624
1;ISS (ZARYA);6483.560216;-625.092824;-1911.993373;4.049378;4.931382;7.029801
5;SZ-21 MODULE;2877.893538;-4106.689791;-4407.073535;8.960357;6.868297;3.452432
4;HRC MONOBLOCK CAMERA;-6640.601342;1040.946254;-247.325870;3.792498;-1.115616;-5.304769
4;HRC MONOBLOCK CAMERA;-6643.733180;1051.100622;-215.085261;3.452333;-2.634821;-2.296753
6;SOYUZ-MS 28;6526.755517;-628.346668;-1943.515334;2.187799;4.924026;5.718701
4;HRC MONOBLOCK CAMERA;-6641.095668;1009.237535;-255.512720;3.867772;-1.434829;-4.141512
9;UITMSAT-2;925.542624;4176.342429;5254.024494;-3.956016;3.811729;6.049020
2;POISK;6510.097871;-593.623485;-1950.860285;5.287788;4.955945;9.323464
1;ISS (ZARYA);6523.943898;-602.381838;-1940.666470;8.505754;4.987870;8.506897
9;UITMSAT-2;903.359457;4185.554993;5236.425326;-7.504671;2.778696;1.265947
10;LEOPARD;-6714.534220;-201.767313;213.078274;0.342766;-2.817694;-1.850429
15;PROGRESS-MS 34;6482.003466;-646.127419;-1961.878938;4.287620;7.886615;10.818278
1;ISS (ZARYA);6495.519495;-632.712670;-1960.519572;5.036772;9.755604;8.837732
3;ISS (NAUKA);6511.910912;-630.684264;-1928.574302;2.378797;4.926955;5.719284
1;ISS (ZARYA);6515.408126;-641.678722;-1911.936185;2.700625;5.162837;7.801088
1;ISS (ZARYA);6499.566594;-593.087257;-1926.772014;3.326326;5.645469;10.012465
2;POISK;6488.035517;-626.926835;-1937.928957;3.412293;9.851681;6.784234
6;SOYUZ-MS 28;6487.975104;-611.316615;-1937.096797;3.830981;8.863539;10.617047
4;HRC MONOBLOCK CAMERA;-6640.274830;1014.963064;-257.047257;3.290472;-4.308880;-1.696085
9;UITMSAT-2;907.199505;4201.573955;5244.860757;-7.487444;1.055194;1.365352
6;SOYUZ-MS 28;6515.776338;-614.271265;-1939.267855;3.435120;5.278703;7.998785
1;ISS (ZARYA);6546.646927;-632.741144;-1957.574102;4.320372;4.834896;7.434742
12;CREW DRAGON 12;6489.122931;-621.574849;-1961.913008;2.982421;5.596935;5.740928
10;LEOPARD;-6736.634917;-208.386350;212.671501;6.235933;-2.466922;-3.493940
7;DUPLEX;-3629.456855;3585.596318;4425.585733;-5.098371;3.566460;-0.571069
15;PROGRESS-MS 34;6495.180651;-640.291814;-1911.974185;3.765803;7.752558;7.957179
3;ISS (NAUKA);6490.779389;-638.439636;-1953.232295;7.173607;9.483240;5.717073
1;ISS (ZARYA);6546.646927;-632.741144;-1957.574102;4.320372;4.834896;7.434742
5;SZ-21 MODULE;2882.866391;-4134.211082;-4438.672615;6.612937;5.041858;1.170186
5;SZ-21 MODULE;2900.851174;-4128.347676;-4415.241451;7.048731;7.020928;4.507081
1;ISS (ZARYA);6486.729299;-642.691605;-1958.434198;2.253535;4.812384;5.716164
6;SOYUZ-MS 28;6481.896868;-645.478133;-1961.455234;3.898209;4.779911;6.293531
5;SZ-21 MODULE;2917.786639;-4133.879232;-4426.830621;7.777646;5.507841;7.140202
8;ISS OBJECT XY;-3005.643177;4219.757622;4300.479331;-6.449468;2.381414;-2.341409
7;DUPLEX;-3631.001562;3582.911737;4424.753779;-6.259899;-1.854549;-2.391140
1;ISS (ZARYA);6523.959715;-645.540545;-1913.975343;2.468975;5.155479;5.705137
10;LEOPARD;-6747.853788;-213.466153;185.732367;2.379308;-3.307787;-3.790028
13;PROGRESS-MS 33;6485.887428;-641.952438;-1960.650177;2.453154;5.683497;6.620637
2;POISK;6489.069919;-636.339831;-1947.013385;6.766388;6.226846;6.467667
11;HMU-SAT2;-5731.425066;-2303.051361;-2598.367715;5.333615;-3.200629;-0.994510
5;SZ-21 MODULE;2907.195557;-4111.801877;-4418.124409;9.997459;7.895025;4.359954
8;ISS OBJECT XY;-2980.928139;4215.078302;4293.585533;-4.575663;1.693645;-1.875856
3;ISS (NAUKA);6501.118854;-637.948411;-1949.762638;2.348189;4.837055;5.635527
4;HRC MONOBLOCK CAMERA;-6645.652043;1011.283838;-254.347761;-0.306990;-4.587893;-5.516689
6;SOYUZ-MS 28;6505.924762;-599.424028;-1925.730690;8.171231;8.310705;8.624170
8;ISS OBJECT XY;-2979.597719;4216.521001;4270.987482;-4.752049;-0.224485;-0.518251
13;PROGRESS-MS 33;6485.219430;-642.418694;-1960.887414;3.386583;4.889502;6.676710
4;HRC MONOBLOCK CAMERA;-6640.274830;1014.963064;-257.047257;3.290472;-4.308880;-1.696085
10;LEOPARD;-6736.300179;-201.194349;213.128981;0.352291;-3.810447;-5.822248
5;SZ-21 MODULE;2867.772671;-4129.116921;-4440.037841;7.523932;4.925574;0.382882
8;ISS OBJECT XY;-3004.104332;4182.734805;4266.885002;-2.200662;3.254219;-1.767349
2;POISK;6485.853203;-642.273675;-1961.950647;5.254527;5.088380;6.805639
2;POISK;6503.000173;-608.258580;-1926.935399;3.576879;8.129568;6.983687
7;DUPLEX;-3618.503890;3588.196213;4425.273271;-4.889160;-1.967724;-3.002700
4;HRC MONOBLOCK CAMERA;-6646.723225;1010.188178;-257.892099;-0.273673;-4.308219;-5.783641
13;PROGRESS-MS 33;6500.858250;-627.105349;-1946.243191;2.483082;5.386568;8.078938
6;SOYUZ-MS 28;6487.907454;-644.505357;-1952.379600;6.783282;9.480772;6.374582
3;ISS (NAUKA);6500.542427;-638.816832;-1928.223297;4.349154;6.378263;7.306378
6;SOYUZ-MS 28;6485.811043;-614.042511;-1929.350227;4.981837;6.992957;7.844564
8;ISS OBJECT XY;-3009.418173;4181.117547;4252.598912;-5.430428;-0.662529;-2.923879
3;ISS (NAUKA);6489.048268;-642.754171;-1956.997302;3.498724;8.390999;5.941859
2;POISK;6532.709459;-609.120557;-1940.580054;4.923937;7.622612;6.022847
1;ISS (ZARYA);6486.095634;-644.205647;-1957.649393;2.464694;5.993483;7.312116
5;SZ-21 MODULE;2877.893538;-4106.689791;-4407.073535;8.960357;6.868297;3.452432
3;ISS (NAUKA);6507.372982;-625.032856;-1940.151694;5.060700;7.053434;6.196155
6;SOYUZ-MS 28;6507.173415;-634.361870;-1959.847425;4.096942;5.471837;6.290173
5;SZ-21 MODULE;2919.036453;-4134.192253;-4420.843412;7.151560;4.987562;0.377955
7;DUPLEX;-3626.304365;3584.901632;4426.528227;-5.180382;-0.946623;-1.825100
14;CYGNUS NG-24;6536.910743;-618.563486;-1944.007627;2.159746;4.769750;5.593047
6;SOYUZ-MS 28;6484.918731;-643.867091;-1956.498550;3.778719;4.789903;7.187340
3;ISS (NAUKA);6500.542427;-638.816832;-1928.223297;4.349154;6.378263;7.306378
2;POISK;6482.750474;-586.040439;-1961.321479;3.101847;6.846700;7.885201
1;ISS (ZARYA);6484.413197;-635.629952;-1920.770149;4.454683;5.377149;7.605711
8;ISS OBJECT XY;-3001.711899;4203.130035;4298.632320;-0.618372;-1.185094;-2.723761
12;CREW DRAGON 12;6489.122931;-621.574849;-1961.913008;2.982421;5.596935;5.740928
1;ISS (ZARYA);6503.239629;-637.027717;-1953.378934;9.572960;4.998823;6.381503
1;ISS (ZARYA);6481.760667;-638.715728;-1936.747702;4.276636;5.918871;6.523081
5;SZ-21 MODULE;2881.002401;-4130.327810;-4407.460156;8.255061;6.259355;1.669205
13;PROGRESS-MS 33;6512.294850;-639.706069;-1928.112778;4.873900;6.263484;7.127053
2;POISK;6488.313795;-638.839065;-1957.914504;4.145597;5.548148;7.249391
2;POISK;6534.806163;-635.226760;-1954.836966;2.347183;5.123750;5.908380
6;SOYUZ-MS 28;6483.750057;-638.936679;-1959.501351;8.145741;5.945380;5.890032
3;ISS (NAUKA);6482.398996;-643.973758;-1917.233150;3.473587;5.320349;6.121785
3;ISS (NAUKA);6483.632627;-644.876405;-1961.010866;5.607520;7.096033;9.623924
7;DUPLEX;-3604.161911;3598.036945;4441.680460;-5.185752;-0.713044;-1.078239
8;ISS OBJECT XY;-2990.678930;4186.874166;4263.383436;-5.283269;-0.400206;-1.681786
2;POISK;6488.116967;-645.577231;-1937.524312;4.503008;7.198405;7.350886
5;SZ-21 MODULE;2892.453150;-4089.311526;-4418.991958;6.494103;5.119823;2.062762
7;DUPLEX;-3629.835820;3623.900581;4459.458578;-3.297682;-2.443732;-1.959098
2;POISK;6487.217990;-639.659208;-1943.138098;3.633270;5.128684;5.763960
4;HRC MONOBLOCK CAMERA;-6633.729975;1025.035719;-238.253243;2.572798;-3.691593;-2.026524
3;ISS (NAUKA);6485.290017;-644.743996;-1960.601243;2.859154;5.319045;6.473987
14;CYGNUS NG-24;6496.767413;-623.220111;-1947.778050;3.445856;5.438974;6.082291
5;SZ-21 MODULE;2868.348692;-4136.371384;-4440.275817;8.763868;8.008520;2.740912
2;POISK;6488.035517;-626.926835;-1937.928957;3.412293;9.851681;6.784234
13;PROGRESS-MS 33;6504.222402;-615.316953;-1934.020775;2.293817;4.846117;5.781358
8;ISS OBJECT XY;-2981.892065;4216.123148;4260.812312;-6.488071;1.454933;-0.780731
9;UITMSAT-2;903.352469;4174.880013;5234.446854;-7.425991;1.380084;1.790817
10;LEOPARD;-6753.672586;-198.949087;208.915018;0.467471;-4.637630;-5.845545
7;DUPLEX;-3625.128751;3598.114823;4435.299435;-3.381589;0.673980;-1.199036
4;HRC MONOBLOCK CAMERA;-6591.874259;1019.495612;-237.532730;1.124658;-4.041781;-5.194697
8;ISS OBJECT XY;-2997.380268;4186.879547;4272.248111;-2.969390;0.637460;0.589246
1;ISS (ZARYA);6485.610246;-604.123816;-1923.852185;2.769871;4.856227;5.699295
4;HRC MONOBLOCK CAMERA;-6640.178579;1017.326409;-256.117383;-0.178185;-4.228357;-5.635733
11;HMU-SAT2;-5741.531897;-2311.420897;-2629.922359;5.027371;-3.777732;-5.015642
11;HMU-SAT2;-5754.851468;-2306.704563;-2625.636881;5.646747;-0.343089;-4.195981
7;DUPLEX;-3623.929220;3598.936355;4441.726906;-6.183410;-2.340355;-3.280532
11;HMU-SAT2;-5751.631253;-2321.909726;-2639.638067;5.924682;-0.832577;-4.543893
1;ISS (ZARYA);6496.128919;-644.180206;-1946.164211;4.689077;7.862005;8.041003
4;HRC MONOBLOCK CAMERA;-6612.598744;1050.723339;-239.743689;-0.410427;0.203493;-3.970806
3;ISS (NAUKA);6500.779551;-642.281788;-1899.758423;2.696739;7.724413;9.542970
7;DUPLEX;-3589.472166;3626.932733;4440.752481;-2.957421;-0.100409;2.247575
4;HRC MONOBLOCK CAMERA;-6642.939984;1066.386319;-260.282952;4.356666;-1.924609;-1.551594
5;SZ-21 MODULE;2872.793566;-4092.994400;-4422.393665;9.290969;10.966187;2.352699
6;SOYUZ-MS 28;6483.287242;-641.043290;-1959.310696;4.341387;6.700959;6.346311
6;SOYUZ-MS 28;6500.573782;-626.393805;-1938.828451;2.436839;4.883362;5.733952
2;POISK;6481.762697;-644.518096;-1961.567964;2.477567;5.745246;7.672377
3;ISS (NAUKA);6483.320842;-642.146989;-1959.910630;3.035205;4.950486;6.111023
4;HRC MONOBLOCK CAMERA;-6591.874259;1019.495612;-237.532730;1.124658;-4.041781;-5.194697
10;LEOPARD;-6750.648767;-219.449089;196.748601;0.638255;-0.307308;-0.695972
10;LEOPARD;-6745.114406;-186.059068;185.567226;0.123067;-4.669865;-5.813164
1;ISS (ZARYA);6492.169085;-639.257937;-1955.460517;2.786631;8.672152;8.032675
12;CREW DRAGON 12;6530.886232;-605.728416;-1952.193166;2.248100;5.316358;5.747683
5;SZ-21 MODULE;2877.893538;-4106.689791;-4407.073535;8.960357;6.868297;3.452432
10;LEOPARD;-6728.325486;-218.898730;195.475972;4.692761;-2.005683;-3.409103
5;SZ-21 MODULE;2869.606549;-4141.488904;-4446.535122;6.592530;4.383050;0.400539
7;DUPLEX;-3610.795426;3631.249851;4428.823692;-1.864226;-0.928212;1.149036
2;POISK;6511.383153;-619.020829;-1933.385188;2.960420;6.198696;7.516838
4;HRC MONOBLOCK CAMERA;-6607.268177;1017.127304;-229.816666;1.409244;-2.184314;-3.573770
6;SOYUZ-MS 28;6502.040708;-630.574274;-1956.736108;3.591142;5.792576;5.747994
5;SZ-21 MODULE;2867.323314;-4142.734618;-4447.728474;6.589007;4.452395;0.279631
6;SOYUZ-MS 28;6500.573782;-626.393805;-1938.828451;2.436839;4.883362;5.733952
7;DUPLEX;-3624.312662;3603.183449;4450.576433;-2.733403;-1.226129;-1.978100
5;SZ-21 MODULE;2887.976913;-4117.499968;-4409.242676;7.996854;4.712250;2.682139
15;PROGRESS-MS 34;6482.789529;-645.769926;-1961.805768;2.854055;4.802293;5.835409
4;HRC MONOBLOCK CAMERA;-6634.000804;1015.008443;-250.889843;0.656132;-2.094660;-0.328504
3;ISS (NAUKA);6487.525672;-639.747483;-1957.238620;2.709488;4.947630;5.784072
1;ISS (ZARYA);6485.610246;-604.123816;-1923.852185;2.769871;4.856227;5.699295
10;LEOPARD;-6732.302658;-192.065607;200.000895;0.294144;-3.521697;-5.384520
5;SZ-21 MODULE;2871.034742;-4140.653888;-4442.404768;7.066553;6.665068;1.454019
5;SZ-21 MODULE;2899.826054;-4140.860941;-4397.340200;8.099944;4.502480;1.380366
9;UITMSAT-2;928.789844;4186.388705;5236.679110;-6.040501;2.846362;1.583968
2;POISK;6487.759282;-644.141057;-1945.598490;3.703396;4.879551;7.073368
5;SZ-21 MODULE;2907.195557;-4111.801877;-4418.124409;9.997459;7.895025;4.359954
8;ISS OBJECT XY;-2997.818908;4203.680773;4281.613388;-0.477111;1.330887;-2.526551
10;LEOPARD;-6731.034309;-207.196415;195.752014;2.295480;-1.811608;-5.274295
2;POISK;6514.838735;-627.078611;-1930.648266;3.923549;5.415788;7.554083
2;POISK;6527.021703;-630.148781;-1914.971544;4.030189;9.709822;6.758910
6;SOYUZ-MS 28;6537.931229;-635.783182;-1952.987730;2.523746;5.106086;6.103381
3;ISS (NAUKA);6487.679647;-622.175043;-1912.550440;2.944804;5.999682;6.198138
3;ISS (NAUKA);6497.783680;-642.127564;-1944.788867;5.740594;9.530272;8.439258
2;POISK;6508.520226;-638.084684;-1924.797391;2.931049;6.367405;6.486804
13;PROGRESS-MS 33;6484.463336;-605.091971;-1941.621272;2.732116;5.401760;6.013023
2;POISK;6510.140669;-628.509517;-1921.243404;3.585325;5.928888;7.097380
6;SOYUZ-MS 28;6487.907454;-644.505357;-1952.379600;6.783282;9.480772;6.374582
1;ISS (ZARYA);6486.180084;-632.906585;-1924.533642;2.894082;5.681103;7.503215
3;ISS (NAUKA);6508.026886;-641.835763;-1921.480367;2.804199;11.967605;6.811140
10;LEOPARD;-6748.032906;-214.943863;192.346879;2.091273;-4.264974;-2.852421
4;HRC MONOBLOCK CAMERA;-6632.566921;1018.342486;-234.916219;4.049076;1.100194;-4.079734
2;POISK;6498.092476;-641.301910;-1941.141195;6.020771;7.437105;6.356561
2;POISK;6499.308300;-608.963139;-1949.662253;3.953976;5.383069;9.635095
6;SOYUZ-MS 28;6500.880993;-637.320046;-1930.046886;3.501832;6.153673;5.842614
3;ISS (NAUKA);6519.626638;-637.362171;-1955.986435;7.185185;9.533563;6.846366
7;DUPLEX;-3613.995648;3606.116010;4445.528602;-6.449881;-1.927646;-2.296621
2;POISK;6492.661837;-643.786456;-1952.023180;4.014746;10.522310;10.264072
6;SOYUZ-MS 28;6529.009787;-637.089924;-1937.853805;2.529712;5.094328;6.246434
5;SZ-21 MODULE;2873.524438;-4138.083216;-4402.644363;11.830016;6.902109;1.565203
3;ISS (NAUKA);6507.130660;-615.049884;-1932.381257;5.538789;8.024908;5.752459
2;POISK;6488.011395;-641.208934;-1956.781526;2.177691;5.484198;6.142203
6;SOYUZ-MS 28;6481.896868;-645.478133;-1961.455234;3.898209;4.779911;6.293531
6;SOYUZ-MS 28;6486.626368;-631.188226;-1960.547061;3.703731;6.194761;6.863478
9;UITMSAT-2;910.123288;4175.523997;5238.011574;-4.067323;4.040132;4.398720
9;UITMSAT-2;928.265561;4195.280703;5276.875207;-7.559682;0.622121;1.152903
5;SZ-21 MODULE;2892.805279;-4120.784216;-4425.387136;7.628187;5.915965;1.860367
7;DUPLEX;-3627.291710;3585.533632;4429.025825;-1.954274;2.348889;-0.319339
8;ISS OBJECT XY;-2996.014965;4180.925106;4263.365460;-5.256767;-0.038892;-2.159905
15;PROGRESS-MS 34;6482.003466;-646.127419;-1961.878938;4.287620;7.886615;10.818278
11;HMU-SAT2;-5721.030529;-2314.722577;-2618.905438;5.064205;-0.050033;0.212871
6;SOYUZ-MS 28;6486.626368;-631.188226;-1960.547061;3.703731;6.194761;6.863478
9;UITMSAT-2;912.040362;4183.920402;5260.894610;-7.371063;0.844259;1.125050
11;HMU-SAT2;-5760.583937;-2323.677752;-2638.446944;7.950853;-1.634087;-0.623970
3;ISS (NAUKA);6490.641144;-593.970327;-1956.765672;7.285480;8.249393;9.975721
4;HRC MONOBLOCK CAMERA;-6637.178342;1010.227900;-254.879615;0.805115;-3.501142;-5.201901
2;POISK;6488.035517;-626.926835;-1937.928957;3.412293;9.851681;6.784234
9;UITMSAT-2;903.352469;4174.880013;5234.446854;-7.425991;1.380084;1.790817
5;SZ-21 MODULE;2873.796803;-4139.852189;-4444.595395;6.504209;4.390585;0.855117
8;ISS OBJECT XY;-2968.931546;4182.344356;4256.536439;-4.789303;0.461013;-3.312627
10;LEOPARD;-6745.294655;-227.347449;183.297750;0.094033;-4.702564;-5.981934
8;ISS OBJECT XY;-3016.725086;4179.010925;4253.323002;-4.240565;2.052780;-0.883098
9;UITMSAT-2;903.352469;4174.880013;5234.446854;-7.425991;1.380084;1.790817
4;HRC MONOBLOCK CAMERA;-6645.652043;1011.283838;-254.347761;-0.306990;-4.587893;-5.516689
5;SZ-21 MODULE;2892.453150;-4089.311526;-4418.991958;6.494103;5.119823;2.062762
8;ISS OBJECT XY;-2993.993737;4192.078452;4255.694064;-6.027696;-1.017551;-3.440432
1;ISS (ZARYA);6525.782151;-618.849897;-1929.643025;4.046185;6.702830;6.853496
7;DUPLEX;-3610.795426;3631.249851;4428.823692;-1.864226;-0.928212;1.149036
5;SZ-21 MODULE;2878.701157;-4131.718216;-4441.909369;8.200933;4.501773;1.101769
1;ISS (ZARYA);6491.323524;-643.404396;-1955.802967;4.705438;5.885062;7.619309
4;HRC MONOBLOCK CAMERA;-6621.637689;1038.444563;-253.381691;1.697555;-1.781774;-0.447697
3;ISS (NAUKA);6483.939365;-629.388733;-1949.442932;3.882248;8.578459;6.962890
13;PROGRESS-MS 33;6483.064570;-645.755813;-1960.992995;3.350464;7.425380;6.690825
12;CREW DRAGON 12;6524.775357;-615.403295;-1953.498484;3.396221;5.080598;10.397891
3;ISS (NAUKA);6490.779389;-638.439636;-1953.232295;7.173607;9.483240;5.717073
2;POISK;6504.283450;-630.057785;-1942.465351;6.031415;8.374418;10.555807
10;LEOPARD;-6736.300179;-201.194349;213.128981;0.352291;-3.810447;-5.822248
9;UITMSAT-2;902.818273;4173.934849;5231.233452;-5.981337;3.294463;2.152171
7;DUPLEX;-3601.411073;3604.589119;4437.191208;-6.000068;-1.966754;-2.747920
7;DUPLEX;-3620.503163;3594.771334;4441.556588;-4.664425;0.149062;-2.100182
13;PROGRESS-MS 33;6502.081684;-645.882442;-1933.345451;3.548693;7.199821;6.683792
4;HRC MONOBLOCK CAMERA;-6647.911060;1028.929692;-243.291496;2.303968;-3.857978;-1.933906
2;POISK;6483.545419;-645.340679;-1961.346734;2.854697;9.262448;10.856144
6;SOYUZ-MS 28;6482.947119;-643.857349;-1958.881713;7.247244;7.313012;9.068630
5;SZ-21 MODULE;2881.002401;-4130.327810;-4407.460156;8.255061;6.259355;1.669205
5;SZ-21 MODULE;2907.626548;-4128.866700;-4432.472602;7.478027;4.935803;1.357742
2;POISK;6501.198618;-629.003720;-1955.819887;4.124493;7.866044;8.340763
9;UITMSAT-2;908.772049;4186.411935;5227.596428;-7.570861;0.530733;1.027621
10;LEOPARD;-6756.378019;-232.573747;183.485500;1.805830;-2.388523;-0.403105
6;SOYUZ-MS 28;6482.261864;-644.874890;-1960.300401;2.422201;7.026139;10.738200
2;POISK;6525.109083;-607.216082;-1927.247584;4.030415;6.188090;5.777187
5;SZ-21 MODULE;2871.478187;-4138.383957;-4433.239912;8.392892;6.253981;2.384734
2;POISK;6517.791779;-630.402439;-1929.909371;4.071155;9.017344;8.305063
6;SOYUZ-MS 28;6499.080192;-590.725886;-1934.167954;3.275222;5.643296;7.148628
4;HRC MONOBLOCK CAMERA;-6650.382168;1060.992043;-229.440113;2.251819;-2.242477;-5.767443
5;SZ-21 MODULE;2895.894590;-4132.720253;-4427.809275;6.418979;4.338479;0.164928
3;ISS (NAUKA);6523.470319;-617.673846;-1952.055904;2.432013;5.648041;6.253422
5;SZ-21 MODULE;2874.083718;-4136.471035;-4446.727423;8.156100;7.186107;3.301488
11;HMU-SAT2;-5766.492077;-2286.023553;-2612.741227;6.848733;0.351426;-3.830008
4;HRC MONOBLOCK CAMERA;-6598.897368;1027.347648;-242.512319;1.645180;-3.644576;-1.534897
2;POISK;6488.035517;-626.926835;-1937.928957;3.412293;9.851681;6.784234
5;SZ-21 MODULE;2882.003992;-4106.599168;-4410.294151;9.782194;9.718714;3.939278
12;CREW DRAGON 12;6491.603227;-641.672474;-1954.917272;2.358047;5.333392;6.503703
2;POISK;6511.103892;-629.347580;-1934.195602;6.025691;7.504978;7.139296
1;ISS (ZARYA);6488.137846;-622.059951;-1935.498671;7.617955;6.356121;10.638310
2;POISK;6481.762697;-644.518096;-1961.567964;2.477567;5.745246;7.672377
3;ISS (NAUKA);6496.918107;-588.144598;-1947.237003;2.845891;5.060019;6.338202
2;POISK;6493.945942;-626.113352;-1949.523235;4.259624;7.223502;5.739379
12;CREW DRAGON 12;6510.352550;-612.250201;-1936.722329;2.304341;6.257726;10.675029
8;ISS OBJECT XY;-3009.445274;4219.853989;4260.541022;-0.528294;-1.190113;-1.888024
7;DUPLEX;-3628.708565;3585.624199;4428.621757;-6.300403;-0.639492;-2.052828
4;HRC MONOBLOCK CAMERA;-6639.073793;1013.669039;-245.718386;1.108623;-3.506209;-4.663104
3;ISS (NAUKA);6497.783680;-642.127564;-1944.788867;5.740594;9.530272;8.439258
13;PROGRESS-MS 33;6485.728555;-644.281713;-1961.707852;5.692746;6.265992;8.738720
10;LEOPARD;-6749.068372;-227.922280;184.164942;1.190494;-4.637581;-4.851813
4;HRC MONOBLOCK CAMERA;-6616.101492;1009.458454;-247.108033;0.201204;-1.502068;-1.262422
6;SOYUZ-MS 28;6507.173415;-634.361870;-1959.847425;4.096942;5.471837;6.290173
7;DUPLEX;-3620.600396;3618.999761;4445.885809;-4.170224;2.353000;-3.251794
5;SZ-21 MODULE;2877.714633;-4133.389655;-4442.062222;6.500416;5.197488;0.332316
6;SOYUZ-MS 28;6501.626504;-631.106368;-1924.354343;7.433503;7.752385;7.365648
8;ISS OBJECT XY;-3002.473767;4201.751967;4256.791927;-6.066758;3.742472;-0.747402
3;ISS (NAUKA);6511.910912;-630.684264;-1928.574302;2.378797;4.926955;5.719284
9;UITMSAT-2;913.033660;4186.370878;5234.252043;-6.953584;0.693385;1.302197
3;ISS (NAUKA);6509.759117;-624.737638;-1940.009095;2.382097;5.161048;5.733344
6;SOYUZ-MS 28;6481.774880;-644.331743;-1959.726615;3.304767;6.401728;6.087342
7;DUPLEX;-3622.200359;3600.704946;4424.824069;-5.905369;-0.032161;-3.167744
3;ISS (NAUKA);6503.807955;-614.740994;-1937.120615;4.376171;7.599603;7.651842
2;POISK;6486.682217;-641.157725;-1961.939943;2.477497;5.058722;8.159139
8;ISS OBJECT XY;-2994.071365;4205.921946;4271.743986;-4.974936;1.946754;-0.294588
4;HRC MONOBLOCK CAMERA;-6649.166696;1050.164129;-249.488689;1.556179;-1.500723;-0.944432
7;DUPLEX;-3604.161911;3598.036945;4441.680460;-5.185752;-0.713044;-1.078239
8;ISS OBJECT XY;-2982.790033;4194.359383;4278.284148;-5.417040;-0.369137;-1.754418
8;ISS OBJECT XY;-2981.892065;4216.123148;4260.812312;-6.488071;1.454933;-0.780731
6;SOYUZ-MS 28;6500.880993;-637.320046;-1930.046886;3.501832;6.153673;5.842614
1;ISS (ZARYA);6502.837709;-608.365568;-1951.544310;2.754673;5.743287;5.923178
3;ISS (NAUKA);6483.408337;-642.316831;-1962.088149;2.489138;5.251484;6.029385
3;ISS (NAUKA);6494.341911;-638.975161;-1954.742941;2.711371;4.890036;6.038559
6;SOYUZ-MS 28;6498.449256;-633.099824;-1934.295631;6.613459;7.828360;8.602469
9;UITMSAT-2;910.463285;4181.290248;5250.632334;-7.163027;1.049957;1.051511
11;HMU-SAT2;-5752.714463;-2322.787531;-2607.389101;4.842597;-3.145797;-4.293746
2;POISK;6503.000173;-608.258580;-1926.935399;3.576879;8.129568;6.983687
12;CREW DRAGON 12;6522.262007;-612.909662;-1955.896721;4.176087;6.052508;6.999161
11;HMU-SAT2;-5761.797238;-2303.050537;-2591.517919;4.744091;-3.184998;-2.782452
11;HMU-SAT2;-5759.695280;-2331.850454;-2632.803662;7.151950;2.107186;-2.600795
4;HRC MONOBLOCK CAMERA;-6634.439562;1028.789825;-230.328627;1.790188;-3.068123;-2.937020
9;UITMSAT-2;918.724310;4199.907418;5233.917336;-6.512532;2.031858;3.458568
11;HMU-SAT2;-5753.508204;-2323.604170;-2621.955089;5.485369;-0.667803;1.176575
6;SOYUZ-MS 28;6490.687360;-612.611222;-1924.108277;2.948272;9.965015;9.365366
1;ISS (ZARYA);6484.396760;-636.673106;-1941.766194;4.733601;7.013028;6.293248
14;CYGNUS NG-24;6494.449043;-619.435123;-1914.427034;2.425869;4.853582;5.671371
9;UITMSAT-2;957.639953;4198.937276;5239.265532;-6.451142;5.701876;3.237770
6;SOYUZ-MS 28;6514.752113;-612.681918;-1937.189659;3.574049;6.471132;7.653055
10;LEOPARD;-6719.456698;-198.807854;194.565377;3.850106;-1.892724;-2.592546
7;DUPLEX;-3588.966309;3622.237326;4433.537492;-5.693225;-1.570989;-3.206829
10;LEOPARD;-6737.860864;-225.767353;199.297213;1.188080;-2.646454;-2.263423
2;POISK;6492.661837;-643.786456;-1952.023180;4.014746;10.522310;10.264072
9;UITMSAT-2;929.339921;4188.386689;5259.912447;-7.038891;1.357264;0.989665
6;SOYUZ-MS 28;6487.907454;-644.505357;-1952.379600;6.783282;9.480772;6.374582
5;SZ-21 MODULE;2867.323314;-4142.734618;-4447.728474;6.589007;4.452395;0.279631
7;DUPLEX;-3588.884891;3610.657048;4443.674744;-5.412242;-0.091963;-1.211721
1;ISS (ZARYA);6515.408126;-641.678722;-1911.936185;2.700625;5.162837;7.801088
11;HMU-SAT2;-5761.797238;-2303.050537;-2591.517919;4.744091;-3.184998;-2.782452
1;ISS (ZARYA);6482.210115;-631.207548;-1933.305102;4.799054;7.772590;8.342213
6;SOYUZ-MS 28;6494.789690;-629.091172;-1954.416391;2.173171;4.792289;5.608505
3;ISS (NAUKA);6487.525672;-639.747483;-1957.238620;2.709488;4.947630;5.784072
7;DUPLEX;-3600.729748;3605.977759;4453.735178;-5.158135;0.316470;-0.755160
5;SZ-21 MODULE;2872.674113;-4126.233272;-4437.252717;7.687644;6.153988;3.870164
7;DUPLEX;-3577.802923;3599.280403;4437.876364;-2.183137;-0.710660;-1.974895
13;PROGRESS-MS 33;6495.522455;-638.409879;-1940.887393;5.236200;5.398844;9.682180
10;LEOPARD;-6735.814652;-217.717912;207.069054;2.467576;-2.923918;-1.838238
11;HMU-SAT2;-5766.690885;-2326.441101;-2631.983229;5.853577;-1.229346;-0.753833
12;CREW DRAGON 12;6481.822222;-645.987391;-1962.067087;4.968904;8.219776;8.062003
1;ISS (ZARYA);6513.934154;-631.454835;-1909.516246;2.369947;5.501441;6.361915
8;ISS OBJECT XY;-3017.349519;4178.334510;4252.740049;-3.607619;4.191459;-1.127700
4;HRC MONOBLOCK CAMERA;-6647.911060;1028.929692;-243.291496;2.303968;-3.857978;-1.933906
2;POISK;6485.685965;-619.060425;-1930.625004;5.573354;7.641723;10.944257
7;DUPLEX;-3588.884891;3610.657048;4443.674744;-5.412242;-0.091963;-1.211721
2;POISK;6521.017162;-605.088002;-1925.128764;4.738246;5.267384;12.755636
1;ISS (ZARYA);6505.295153;-628.304314;-1947.331181;2.719600;6.008943;10.662507
3;ISS (NAUKA);6507.372982;-625.032856;-1940.151694;5.060700;7.053434;6.196155
3;ISS (NAUKA);6482.984202;-644.984267;-1920.380150;2.519846;5.583766;6.801991
3;ISS (NAUKA);6511.910912;-630.684264;-1928.574302;2.378797;4.926955;5.719284
6;SOYUZ-MS 28;6498.798635;-641.712542;-1959.330078;2.830221;5.922362;7.096468
5;SZ-21 MODULE;2876.580800;-4126.653522;-4391.979239;7.122555;6.936681;3.429538
3;ISS (NAUKA);6516.068617;-633.785859;-1909.388787;4.694375;8.416306;6.316471
4;HRC MONOBLOCK CAMERA;-6618.801606;1033.157953;-259.709319;3.157594;-2.895967;-2.316978
10;LEOPARD;-6728.633897;-226.419301;207.868201;0.102255;-4.166397;0.298248
4;HRC MONOBLOCK CAMERA;-6642.026322;1015.426109;-260.280642;0.365528;-3.935119;-4.719715
7;DUPLEX;-3629.749677;3592.150141;4433.282102;-6.475006;-2.429702;-3.217695
16;DRAGON CRS-34;6482.805420;-644.828869;-1960.626637;7.157033;7.079615;5.870111
1;ISS (ZARYA);6486.729299;-642.691605;-1958.434198;2.253535;4.812384;5.716164
13;PROGRESS-MS 33;6500.318225;-622.624074;-1949.429672;2.609446;4.990942;6.009641
1;ISS (ZARYA);6498.406659;-620.060219;-1938.067049;2.435555;6.435106;7.740223
1;ISS (ZARYA);6482.127928;-643.064252;-1961.892414;2.303865;4.791745;5.683682
2;POISK;6507.888739;-645.796844;-1950.538006;2.725329;5.021968;5.847108
3;ISS (NAUKA);6483.320842;-642.146989;-1959.910630;3.035205;4.950486;6.111023
9;UITMSAT-2;928.265561;4195.280703;5276.875207;-7.559682;0.622121;1.152903
3;ISS (NAUKA);6501.118854;-637.948411;-1949.762638;2.348189;4.837055;5.635527
12;CREW DRAGON 12;6504.751855;-624.906346;-1922.627412;3.904561;5.293956;7.406123
13;PROGRESS-MS 33;6519.622703;-627.528747;-1921.889089;3.130747;4.901303;5.648585
5;SZ-21 MODULE;2892.453150;-4089.311526;-4418.991958;6.494103;5.119823;2.062762
1;ISS (ZARYA);6489.912005;-646.048010;-1960.944614;2.297832;6.959336;5.956064
1;ISS (ZARYA);6504.255281;-617.289553;-1933.106934;2.399577;5.112861;5.625694
6;SOYUZ-MS 28;6484.499736;-643.294508;-1961.435149;6.825460;6.792460;8.696356
7;DUPLEX;-3600.729748;3605.977759;4453.735178;-5.158135;0.316470;-0.755160
4;HRC MONOBLOCK CAMERA;-6610.498303;1021.546027;-227.887362;2.422813;-1.783557;-4.996338
14;CYGNUS NG-24;6485.142596;-635.203572;-1953.661579;3.942948;6.095452;8.308818
6;SOYUZ-MS 28;6482.420919;-645.758743;-1962.032482;4.291249;10.438695;6.062642
2;POISK;6489.431016;-644.058197;-1956.651304;2.328135;5.260786;5.863169
12;CREW DRAGON 12;6489.122931;-621.574849;-1961.913008;2.982421;5.596935;5.740928
4;HRC MONOBLOCK CAMERA;-6640.601342;1040.946254;-247.325870;3.792498;-1.115616;-5.304769
8;ISS OBJECT XY;-3016.229372;4182.649127;4255.470874;-1.361395;1.933497;-2.676115
2;POISK;6508.051510;-615.254961;-1934.408990;4.330539;7.138722;7.598348
4;HRC MONOBLOCK CAMERA;-6645.219695;1056.783328;-249.030939;3.615534;-0.764705;-5.341049
10;LEOPARD;-6708.523773;-203.552403;199.616188;0.288188;-4.467319;-5.918794
1;ISS (ZARYA);6497.471869;-641.719644;-1947.447917;4.900907;7.396286;6.096496
3;ISS (NAUKA);6501.457055;-632.408982;-1922.192709;6.530913;6.860768;8.490124
10;LEOPARD;-6753.423880;-227.583753;185.465569;-0.002937;-4.763930;-6.004985
5;SZ-21 MODULE;2917.786639;-4133.879232;-4426.830621;7.777646;5.507841;7.140202
2;POISK;6509.480554;-609.143612;-1931.672493;3.257243;7.912829;9.545583
5;SZ-21 MODULE;2871.478187;-4138.383957;-4433.239912;8.392892;6.253981;2.384734
9;UITMSAT-2;921.988401;4214.043348;5258.577585;-6.168001;1.812908;1.657695
11;HMU-SAT2;-5766.913552;-2334.217384;-2639.203749;6.420844;-0.823768;-2.996866
1;ISS (ZARYA);6513.934154;-631.454835;-1909.516246;2.369947;5.501441;6.361915
2;POISK;6485.236433;-638.812800;-1949.686254;3.630312;11.273160;8.221285
5;SZ-21 MODULE;2867.323314;-4142.734618;-4447.728474;6.589007;4.452395;0.279631
3;ISS (NAUKA);6509.522378;-619.367495;-1940.922427;3.862425;4.952513;6.151473
12;CREW DRAGON 12;6503.399192;-634.198057;-1943.903886;7.785498;9.385101;7.235203
1;ISS (ZARYA);6498.991859;-631.075565;-1947.421772;5.989426;5.437265;7.054151
5;SZ-21 MODULE;2877.714633;-4133.389655;-4442.062222;6.500416;5.197488;0.332316
1;ISS (ZARYA);6486.180084;-632.906585;-1924.533642;2.894082;5.681103;7.503215
2;POISK;6521.017162;-605.088002;-1925.128764;4.738246;5.267384;12.755636
13;PROGRESS-MS 33;6509.814605;-624.339876;-1925.345962;6.156156;8.321973;8.600562
5;SZ-21 MODULE;2886.707633;-4109.761206;-4426.012485;6.455237;4.546420;0.462609
2;POISK;6517.478337;-644.425347;-1934.548813;3.413215;5.184080;7.143116
4;HRC MONOBLOCK CAMERA;-6642.939984;1066.386319;-260.282952;4.356666;-1.924609;-1.551594
3;ISS (NAUKA);6503.944081;-642.989681;-1946.393753;2.996626;6.294246;7.003566
3;ISS (NAUKA);6512.129536;-625.712318;-1916.177372;2.574912;6.201657;5.633635
4;HRC MONOBLOCK CAMERA;-6645.652043;1011.283838;-254.347761;-0.306990;-4.587893;-5.516689
5;SZ-21 MODULE;2873.796803;-4139.852189;-4444.595395;6.504209;4.390585;0.855117
1;ISS (ZARYA);6498.406659;-620.060219;-1938.067049;2.435555;6.435106;7.740223
2;POISK;6494.978949;-640.001689;-1952.086928;5.278104;10.674302;7.184129
2;POISK;6484.013350;-603.550364;-1943.815874;5.564266;6.147804;6.523262
6;SOYUZ-MS 28;6482.436762;-639.371096;-1953.487403;2.171631;4.781690;5.585065
15;PROGRESS-MS 34;6489.847900;-642.219286;-1944.316172;2.193397;5.588931;6.491215
12;CREW DRAGON 12;6503.399192;-634.198057;-1943.903886;7.785498;9.385101;7.235203
2;POISK;6499.299884;-643.575087;-1957.477744;5.279072;5.916101;6.072605
